0.1 0.497502 -0.0499167
0.2 0.490029 -0.0992925
0.3 0.477668 -0.147676
0.4 0.460543 -0.194583
0.5 0.438825 -0.239547
0.6 0.412731 -0.28212
0.7 0.38252 -0.321876
0.8 0.348496 -0.358419
0.9 0.310996 -0.391385
1 0.270397 -0.420445
1.1 0.227102 -0.44531
1.2 0.181543 -0.465732
1.3 0.134176 -0.481506
1.4 0.0854733 -0.492477
1.5 0.03592 -0.498534
1.6 -0.0139891 -0.499619
1.7 -0.0637563 -0.495719
1.8 -0.112885 -0.486874
1.9 -0.160885 -0.473174
2 -0.207278 -0.454753
2.1 -0.251601 -0.431798
2.2 -0.293412 -0.404536
2.3 -0.332294 -0.37324
2.4 -0.367859 -0.338223
2.5 -0.399754 -0.299834
2.6 -0.427658 -0.258455
2.7 -0.451296 -0.2145
2.8 -0.47043 -0.168408
2.9 -0.484871 -0.120638
3 -0.494475 -0.0716675
3.1 -0.499145 -0.0219841
3.2 -0.498836 0.0279161
3.3 -0.493551 0.0775353
3.4 -0.483343 0.126379
3.5 -0.468314 0.173959
3.6 -0.448614 0.219802
3.7 -0.42444 0.263449
3.8 -0.396033 0.304467
3.9 -0.363677 0.342445
4 -0.327695 0.377006
4.1 -0.288446 0.407804
4.2 -0.246322 0.434533
4.3 -0.201742 0.456925
4.4 -0.155152 0.474759
4.5 -0.107017 0.487856
4.6 -0.0578167 0.496085
4.7 -0.00804212 0.499366
4.8 0.0418103 0.497665
4.9 0.0912431 0.491
5 0.139763 0.479438
5.1 0.186887 0.463093
5.2 0.232144 0.44213
5.3 0.275083 0.416757
5.4 0.315276 0.387228
5.5 0.352322 0.353838
5.6 0.385852 0.316921
5.7 0.415531 0.276843
5.8 0.441063 0.234006
5.9 0.462195 0.188837
6 0.478714 0.141786
6.1 0.490458 0.0933232
6.2 0.497309 0.043932
6.3 0.499198 -0.0058951
6.4 0.496108 -0.0556609
6.5 0.488069 -0.104869
6.6 0.475162 -0.153029
6.7 0.457516 -0.199659
6.8 0.435306 -0.244296
6.9 0.408756 -0.286493
7 0.378129 -0.325831
7.1 0.343732 -0.361916
7.2 0.305907 -0.39439
7.3 0.265033 -0.422927
7.4 0.221518 -0.447245
7.5 0.175794 -0.4671
7.6 0.12832 -0.482294
7.7 0.0795676 -0.492676
7.8 0.030024 -0.498144
7.9 -0.0198167 -0.498642
8 -0.0694572 -0.494166
8.1 -0.118402 -0.48476
8.2 -0.166164 -0.47052
8.3 -0.212266 -0.451586
8.4 -0.256248 -0.428149
8.5 -0.297672 -0.400442
8.6 -0.336124 -0.368742
8.7 -0.371221 -0.333365
8.8 -0.402614 -0.294665
8.9 -0.429989 -0.253027
9 -0.453073 -0.208867
9.1 -0.471637 -0.162626
9.2 -0.485495 -0.114764
9.3 -0.494509 -0.0657608
9.4 -0.49859 -0.0161036
9.5 -0.497697 0.0337118
9.6 -0.49184 0.0831885
9.7 -0.481077 0.131833
9.8 -0.465515 0.17916
9.9 -0.44531 0.224697
10 -0.420664 0.267991
10.1 -0.391824 0.308609
10.2 -0.359076 0.346147
10.3 -0.322748 0.38023
10.4 -0.283202 0.410518
10.5 -0.240833 0.43671
10.6 -0.196063 0.458544
10.7 -0.149341 0.475803
10.8 -0.10113 0.488315
10.9 -0.0519137 0.495955
11 -0.00218167 0.498648
11.1 0.0475697 0.496366
11.2 0.0968441 0.489133
11.3 0.14515 0.477021
11.4 0.192006 0.460151
11.5 0.236944 0.438692
11.6 0.279516 0.412858
11.7 0.319297 0.382907
11.8 0.355892 0.349137
11.9 0.388935 0.311887
12 0.418096 0.271527
12.1 0.443086 0.228461
12.2 0.463654 0.183117
12.3 0.479596 0.13595
12.4 0.490753 0.0874283
12.5 0.497014 0.0380372
12.6 0.498317 -0.0117309
12.7 0.494649 -0.0613796
12.8 0.486047 -0.110413
12.9 0.472597 -0.158344
13 0.454433 -0.204692
13.1 0.431737 -0.248996
13.2 0.404736 -0.290814
13.3 0.373698 -0.329729
13.4 0.338935 -0.365353
13.5 0.300792 -0.39733
13.6 0.25965 -0.425343
13.7 0.21592 -0.449111
13.8 0.170039 -0.468398
13.9 0.122464 -0.483012
14 0.0736691 -0.492807
14.1 0.0241421 -0.497685
14.2 -0.0256233 -0.497599
14.3 -0.0751307 -0.492548
14.4 -0.123886 -0.482585
14.5 -0.171403 -0.467809
14.6 -0.217208 -0.448366
14.7 -0.260844 -0.424452
14.8 -0.301876 -0.396305
14.9 -0.339895 -0.364206
15 -0.374521 -0.328476
15.1 -0.405409 -0.289471
15.2 -0.432252 -0.24758
15.3 -0.454782 -0.203222
15.4 -0.472774 -0.156838
15.5 -0.486049 -0.108893
15.6 -0.494475 -0.0598633
15.7 -0.497968 -0.0102391
15.8 -0.496493 0.0394848
15.9 -0.490066 0.0888124
16 -0.47875 0.137252
16.1 -0.46266 0.184319
16.2 -0.441955 0.229546
16.3 -0.416842 0.272481
16.4 -0.387572 0.312695
16.5 -0.354438 0.349788
16.6 -0.31777 0.38339
16.7 -0.277934 0.413166
16.8 -0.235327 0.43882
16.9 -0.190375 0.460094
17 -0.143526 0.476778
17.1 -0.0952479 0.488705
17.2 -0.0460218 0.495756
17.3 0.00366084 0.497862
17.4 0.0533045 0.495001
17.5 0.102414 0.487203
17.6 0.1505 0.474545
17.7 0.197081 0.457154
17.8 0.241695 0.435204
17.9 0.283895 0.408913
18 0.323262 0.378545
18.1 0.359401 0.344402
18.2 0.391954 0.306825
18.3 0.420596 0.266189
18.4 0.44504 0.222901
18.5 0.465044 0.17739
18.6 0.480407 0.130113
18.7 0.490978 0.0815396
18.8 0.496651 0.0321555
18.9 0.497369 -0.0175469
19 0.493126 -0.0670718
19.1 0.483964 -0.115925
19.2 0.469974 -0.16362
19.3 0.451297 -0.20968
19.4 0.428119 -0.253646
19.5 0.400672 -0.29508
19.6 0.369229 -0.333568
19.7 0.334105 -0.368727
19.8 0.29565 -0.400206
19.9 0.254247 -0.427691
20 0.21031 -0.450909
20.1 0.164278 -0.469627
20.2 0.116609 -0.48366
20.3 0.0677787 -0.492867
20.4 0.0182751 -0.497158
20.5 -0.0314083 -0.496489
20.6 -0.080776 -0.490867
20.7 -0.129335 -0.480349
20.8 -0.176602 -0.46504
20.9 -0.222105 -0.445093
21 -0.26539 -0.420707
21.1 -0.306026 -0.392126
21.2 -0.343607 -0.359634
21.3 -0.377758 -0.323556
21.4 -0.408139 -0.284253
21.5 -0.434448 -0.242116
21.6 -0.456422 -0.197566
21.7 -0.473841 -0.151047
21.8 -0.486533 -0.103024
21.9 -0.494371 -0.0539758
22 -0.497277 -0.00439144
22.1 -0.495223 0.0452343
22.2 -0.488228 0.0944063
22.3 -0.476364 0.142634
22.4 -0.459749 0.189437
22.5 -0.438548 0.234348
22.6 -0.412973 0.276918
22.7 -0.38328 0.316725
22.8 -0.349766 0.353369
22.9 -0.312764 0.386488
23 -0.272644 0.415749
23.1 -0.229806 0.440861
23.2 -0.184678 0.461575
23.3 -0.13771 0.477683
23.4 -0.0893704 0.489025
23.5 -0.0401419 0.495489
23.6 0.00948463 0.497009
23.7 0.0590141 0.493572
23.8 0.107952 0.485211
23.9 0.155811 0.472011
24 0.202114 0.454103
24.1 0.246398 0.431666
24.2 0.288222 0.404924
24.3 0.327168 0.374144
24.4 0.362849 0.339633
24.5 0.394909 0.301736
24.6 0.423028 0.260831
24.7 0.446926 0.217327
24.8 0.466364 0.171656
24.9 0.481149 0.124276
25 0.491134 0.0756578
25.1 0.496219 0.0262876
25.2 0.496354 -0.0233423
25.3 0.491538 -0.072737
25.4 0.481819 -0.121404
25.5 0.467294 -0.168857
25.6 0.448108 -0.214623
25.7 0.424453 -0.258246
25.8 0.396565 -0.299291
25.9 0.364723 -0.337349
26 0.329244 -0.372039
26.1 0.290482 -0.403017
26.2 0.248825 -0.429972
26.3 0.204688 -0.452638
26.4 0.158511 -0.470787
26.5 0.110755 -0.484238
26.6 0.0618971 -0.492859
26.7 0.0124239 -0.496563
26.8 -0.0371709 -0.495313
26.9 -0.0863924 -0.489123
27 -0.13475 -0.478053
27.1 -0.18176 -0.462216
27.2 -0.226956 -0.441768
27.3 -0.269885 -0.416915
27.4 -0.310119 -0.387904
27.5 -0.347259 -0.355025
27.6 -0.380932 -0.318606
27.7 -0.410804 -0.279011
27.8 -0.436576 -0.236635
27.9 -0.457992 -0.1919
28 -0.474839 -0.145253
28.1 -0.486948 -0.0971595
28.2 -0.494199 -0.0480991
28.3 -0.49652 0.00143861
28.4 -0.493887 0.0509595
28.5 -0.486329 0.0999697
28.6 -0.473919 0.14798
28.7 -0.456782 0.194512
28.8 -0.43509 0.239101
28.9 -0.409059 0.281303
29 -0.378948 0.320697
29.1 -0.345059 0.35689
29.2 -0.307729 0.389521
29.3 -0.267332 0.418265
29.4 -0.22427 0.442835
29.5 -0.178973 0.462986
29.6 -0.131892 0.478518
29.7 -0.0834987 0.489276
29.8 -0.0342746 0.495153
29.9 0.015289 0.49609
30 0.0646976 0.492078
30.1 0.113458 0.483158
30.2 0.161085 0.469418
30.3 0.207102 0.450997
30.4 0.251051 0.428078
30.5 0.292494 0.40089
30.6 0.331017 0.369704
30.7 0.366236 0.334832
30.8 0.3978 0.296621
30.9 0.425394 0.255454
31 0.448744 0.21174
31.1 0.467615 0.165916
31.2 0.481822 0.118439
31.3 0.491221 0.0697837
31.4 0.49572 0.0204343
31.5 0.495273 -0.0291165
31.6 0.489887 -0.0783743
31.7 0.479613 -0.126848
31.8 0.464556 -0.174054
31.9 0.444865 -0.219521
32 0.420738 -0.262796
32.1 0.392415 -0.303448
32.2 0.360179 -0.341071
32.3 0.324352 -0.375289
32.4 0.285291 -0.405762
32.5 0.243386 -0.432187
32.6 0.199055 -0.454298
32.7 0.152741 -0.471877
32.8 0.104905 -0.484748
32.9 0.0560252 -0.492782
33 0.0065891 -0.495901
33.1 -0.0429103 -0.494072
33.2 -0.0919792 -0.487315
33.3 -0.140128 -0.475698
33.4 -0.186877 -0.459336
33.5 -0.231759 -0.438392
33.6 -0.274327 -0.413077
33.7 -0.314157 -0.383642
33.8 -0.350851 -0.350381
33.9 -0.384043 -0.313628
34 -0.413403 -0.273747
34.1 -0.438637 -0.231138
34.2 -0.459494 -0.186225
34.3 -0.475767 -0.139457
34.4 -0.487293 -0.0912995
34.5 -0.493958 -0.042234
34.6 -0.495695 0.0072503
34.7 -0.492487 0.0566598
34.8 -0.484367 0.105502
34.9 -0.471415 0.153289
35 -0.453761 0.199544
35.1 -0.431582 0.243807
35.2 -0.405099 0.285636
35.3 -0.374576 0.324613
35.4 -0.340318 0.36035
35.5 -0.302668 0.392491
35.6 -0.261999 0.420715
35.7 -0.218719 0.444741
35.8 -0.17326 0.464329
35.9 -0.126074 0.479284
36 -0.0776337 0.489458
36.1 -0.0284208 0.494748
36.2 0.0210731 0.495103
36.3 0.0703543 0.49052
36.4 0.118931 0.481043
36.5 0.16632 0.466769
36.6 0.212046 0.447838
36.7 0.255656 0.424442
36.8 0.296713 0.396813
36.9 0.334808 0.365226
37 0.369561 0.329998
37.1 0.400626 0.29148
37.2 0.427693 0.250057
37.3 0.450493 0.206141
37.4 0.468797 0.16017
37.5 0.482425 0.112605
37.6 0.491239 0.0639182
37.7 0.495153 0.0145964
37.8 0.494127 -0.0348685
37.9 0.488172 -0.0839832
38 0.477348 -0.132258
38.1 0.461762 -0.17921
38.2 0.441571 -0.224373
38.3 0.416977 -0.267296
38.4 0.388224 -0.307549
38.5 0.355599 -0.344733
38.6 0.31943 -0.378477
38.7 0.280075 -0.408443
38.8 0.237929 -0.434333
38.9 0.193411 -0.45589
39 0.146967 -0.472898
39.1 0.0990581 -0.485187
39.2 0.0501638 -0.492636
39.3 0.000771594 -0.495171
39.4 -0.0486259 -0.492766
39.5 -0.0975359 -0.485446
39.6 -0.14547 -0.473283
39.7 -0.191952 -0.4564
39.8 -0.236516 -0.434965
39.9 -0.278718 -0.409192
40 -0.318138 -0.379339
40.1 -0.354383 -0.345703
40.2 -0.387091 -0.30862
40.3 -0.415935 -0.268461
40.4 -0.44063 -0.225625
40.5 -0.460927 -0.180541
40.6 -0.476626 -0.133659
40.7 -0.48757 -0.0854449
40.8 -0.493649 -0.0363813
40.9 -0.494804 0.0130429
41 -0.491022 0.0623345
41.1 -0.482343 0.111002
41.2 -0.468853 0.158559
41.3 -0.450687 0.204533
41.4 -0.428025 0.248464
41.5 -0.401095 0.289915
41.6 -0.370166 0.328471
41.7 -0.335545 0.363749
41.8 -0.297579 0.395396
41.9 -0.256647 0.423098
42 -0.213156 0.446578
42.1 -0.167541 0.465602
42.2 -0.120257 0.479981
42.3 -0.071776 0.48957
42.4 -0.0225813 0.494276
42.5 0.0268363 0.494051
42.6 0.0759837 0.488898
42.7 0.124371 0.478868
42.8 0.171515 0.464062
42.9 0.216945 0.444627
43 0.26021 0.420758
43.1 0.300876 0.392693
43.2 0.33854 0.360712
43.3 0.372824 0.325134
43.4 0.403387 0.286315
43.5 0.429926 0.244642
43.6 0.452174 0.20053
43.7 0.46991 0.15442
43.8 0.482958 0.106773
43.9 0.491188 0.058062
44 0.494518 0.00877464
44.1 0.492915 -0.0405978
44.2 0.486394 -0.0895628
44.3 0.475022 -0.137632
44.4 0.458912 -0.184326
44.5 0.438225 -0.229179
44.6 0.413168 -0.271743
44.7 0.383991 -0.311595
44.8 0.350984 -0.348336
44.9 0.314478 -0.381601
45 0.274837 -0.411058
45.1 0.232456 -0.436413
45.2 0.187758 -0.457413
45.3 0.14119 -0.473849
45.4 0.0932156 -0.485558
45.5 0.0443136 -0.492422
45.6 -0.0050279 -0.494374
45.7 -0.0543168 -0.491395
45.8 -0.103062 -0.483514
45.9 -0.150776 -0.47081
46 -0.196984 -0.45341
46.1 -0.241224 -0.431488
46.2 -0.283056 -0.405263
46.3 -0.322063 -0.374996
46.4 -0.357854 -0.340991
46.5 -0.390075 -0.303586
46.6 -0.418402 -0.263154
46.7 -0.442555 -0.220099
46.8 -0.462292 -0.17485
46.9 -0.477416 -0.12786
47 -0.487777 -0.0795967
47.1 -0.493272 -0.0305417
47.2 -0.493846 0.0188156
47.3 -0.489494 0.0679827
47.4 -0.480259 0.116469
47.5 -0.466234 0.163792
47.6 -0.447558 0.209478
47.7 -0.42442 0.253072
47.8 -0.397048 0.29414
47.9 -0.365717 0.332271
48 -0.33074 0.367086
48.1 -0.292465 0.398238
48.2 -0.251275 0.425415
48.3 -0.20758 0.448347
48.4 -0.161816 0.466806
48.5 -0.114441 0.480608
48.6 -0.0659266 0.489614
48.7 -0.0167568 0.493736
48.8 0.0325777 0.492933
48.9 0.0815848 0.487213
49 0.129776 0.476632
49.1 0.17667 0.461298
49.2 0.221799 0.441363
49.3 0.264713 0.417026
49.4 0.304985 0.388531
49.5 0.342212 0.356161
49.6 0.376024 0.32024
49.7 0.406084 0.281126
49.8 0.432091 0.23921
49.9 0.453786 0.194909
50 0.470954 0.148667
50.1 0.483423 0.100944
50.2 0.491069 0.0522159
50.3 0.493816 0.00296977
50.4 0.491637 -0.0463036
50.5 0.484554 -0.0951126
50.6 0.472638 -0.14297
50.7 0.456007 -0.1894
50.8 0.434829 -0.233937
50.9 0.409314 -0.276139
51 0.379717 -0.315584
51.1 0.346334 -0.35188
51.2 0.309498 -0.384663
51.3 0.269576 -0.413607
51.4 0.226968 -0.438425
51.5 0.182097 -0.458867
51.6 0.135412 -0.474731
51.7 0.0873782 -0.485859
51.8 0.0384755 -0.49214
51.9 -0.0108086 -0.493511
52 -0.0599825 -0.489959
52.1 -0.108556 -0.48152
52.2 -0.156043 -0.468278
52.3 -0.201972 -0.450366
52.4 -0.245884 -0.427961
52.5 -0.287341 -0.401289
52.6 -0.32593 -0.370615
52.7 -0.361265 -0.336246
52.8 -0.392995 -0.298524
52.9 -0.420803 -0.257826
53 -0.444412 -0.214558
53.1 -0.463587 -0.169153
53.2 -0.478136 -0.122062
53.3 -0.487915 -0.0737555
53.4 -0.492827 -0.024716
53.5 -0.492822 0.0245677
53.6 -0.487901 0.0736039
53.7 -0.478114 0.121903
53.8 -0.463557 0.168984
53.9 -0.444377 0.214378
54 -0.420766 0.25763
54.1 -0.392958 0.29831
54.2 -0.361232 0.336013
54.3 -0.325903 0.370362
54.4 -0.287326 0.401014
54.5 -0.245884 0.427665
54.6 -0.201992 0.450049
54.7 -0.156087 0.467942
54.8 -0.108627 0.481166
54.9 -0.0600861 0.48959
55 -0.0109481 0.493129
55.1 0.0382968 0.49175
55.2 0.0871571 0.485465
55.3 0.135146 0.474337
55.4 0.181784 0.458479
55.5 0.226606 0.438048
55.6 0.269166 0.413248
55.7 0.309038 0.384327
55.8 0.345826 0.351574
55.9 0.379163 0.315315
56 0.408715 0.275913
56.1 0.434189 0.233761
56.2 0.45533 0.189278
56.3 0.471929 0.14291
56.4 0.483818 0.0951187
56.5 0.490882 0.0463808
56.6 0.493048 -0.00281744
56.7 0.490295 -0.0519851
56.8 0.482652 -0.100632
56.9 0.470195 -0.148272
57 0.453048 -0.194431
57.1 0.431382 -0.238648
57.2 0.405415 -0.280483
57.3 0.375404 -0.319517
57.4 0.34165 -0.355363
57.5 0.30449 -0.387661
57.6 0.264295 -0.416091
57.7 0.221465 -0.440369
57.8 0.176427 -0.460253
57.9 0.129633 -0.475545
58 0.0815469 -0.486092
58.1 0.0326501 -0.49179
58.2 -0.0165699 -0.492582
58.3 -0.0656221 -0.48846
58.4 -0.114017 -0.479466
58.5 -0.161273 -0.465689
58.6 -0.206917 -0.447268
58.7 -0.250495 -0.424386
58.8 -0.291572 -0.397271
58.9 -0.329739 -0.366196
59 -0.364615 -0.331468
59.1 -0.395851 -0.293436
59.2 -0.423137 -0.252479
59.3 -0.446201 -0.209006
59.4 -0.464813 -0.163449
59.5 -0.478788 -0.116264
59.6 -0.487985 -0.0679222
59.7 -0.492315 -0.018905
59.8 -0.491733 0.0302985
59.9 -0.486246 0.0791972
60 -0.475908 0.127304
60.1 -0.460824 0.174138
60.2 -0.441144 0.219232
60.3 -0.417064 0.262138
60.4 -0.388825 0.302426
60.5 -0.356709 0.339696
60.6 -0.321036 0.373575
60.7 -0.282163 0.403726
60.8 -0.240477 0.429849
60.9 -0.196394 0.451682
61 -0.150354 0.469008
61.1 -0.102816 0.481655
61.2 -0.0542555 0.489497
61.3 -0.00515593 0.492455
61.4 0.0439926 0.490501
61.5 0.0926999 0.483654
61.6 0.14048 0.471983
61.7 0.186857 0.455604
61.8 0.231367 0.434682
61.9 0.273567 0.409424
62 0.313036 0.380083
62.1 0.34938 0.346953
62.2 0.382238 0.310363
62.3 0.411281 0.270679
62.4 0.43622 0.228296
62.5 0.456806 0.183639
62.6 0.472834 0.137152
62.7 0.484145 0.0892987
62.8 0.490626 0.0405573
62.9 0.492212 -0.00858623
63 0.488889 -0.0576417
63.1 0.480688 -0.10612
63.2 0.467693 -0.153537
63.3 0.450034 -0.19942
63.4 0.427886 -0.243311
63.5 0.401471 -0.284774
63.6 0.371052 -0.323393
63.7 0.336933 -0.358785
63.8 0.299456 -0.390596
63.9 0.258992 -0.418509
64 0.215948 -0.442246
64.1 0.170751 -0.46157
64.2 0.123853 -0.476289
64.3 0.0757223 -0.486256
64.4 0.0268384 -0.491372
64.5 -0.0223108 -0.491586
64.6 -0.071235 -0.486897
64.7 -0.119446 -0.47735
64.8 -0.166463 -0.463043
64.9 -0.211818 -0.444117
65 -0.255057 -0.420762
65.1 -0.29575 -0.393211
65.2 -0.333491 -0.361739
65.3 -0.367903 -0.32666
65.4 -0.398643 -0.288324
65.5 -0.425405 -0.247114
65.6 -0.447923 -0.203441
65.7 -0.465971 -0.15774
65.8 -0.47937 -0.110469
65.9 -0.487987 -0.0620976
66 -0.491735 -0.0131094
66.1 -0.490578 0.0360072
66.2 -0.484527 0.0847621
66.3 -0.473643 0.132669
66.4 -0.458035 0.17925
66.5 -0.437859 0.224041
66.6 -0.413316 0.266595
66.7 -0.384652 0.306487
66.8 -0.352151 0.34332
66.9 -0.31614 0.376727
67 -0.276976 0.406373
67.1 -0.235052 0.431965
67.2 -0.190785 0.453247
67.3 -0.144617 0.470006
67.4 -0.097009 0.482075
67.5 -0.0484354 0.489336
67.6 0.000618903 0.491714
67.7 0.0496646 0.489188
67.8 0.0982125 0.481782
67.9 0.145778 0.46957
68 0.191887 0.452675
68.1 0.23608 0.431265
68.2 0.277916 0.405554
68.3 0.316977 0.375799
68.4 0.352875 0.342297
68.5 0.38525 0.305382
68.6 0.413781 0.265422
68.7 0.438183 0.222817
68.8 0.458213 0.177991
68.9 0.473671 0.131392
69 0.484403 0.0834843
69.1 0.490303 0.0347463
69.2 0.491311 -0.0143359
69.3 0.487418 -0.0632726
69.4 0.478664 -0.111576
69.5 0.465135 -0.158763
69.6 0.446967 -0.204365
69.7 0.424341 -0.247926
69.8 0.397483 -0.289011
69.9 0.366661 -0.327212
70 0.332184 -0.362147
70.1 0.294395 -0.393467
70.2 0.25367 -0.420861
70.3 0.210418 -0.444055
70.4 0.165068 -0.462819
70.5 0.118075 -0.476964
70.6 0.0699052 -0.486352
70.7 0.0210409 -0.490887
70.8 -0.0280308 -0.490525
70.9 -0.0768205 -0.48527
71 -0.124841 -0.475175
71.1 -0.171615 -0.46034
71.2 -0.216674 -0.440914
71.3 -0.259569 -0.417091
71.4 -0.299873 -0.389108
71.5 -0.337184 -0.357245
71.6 -0.371129 -0.32182
71.7 -0.401371 -0.283187
71.8 -0.427607 -0.24173
71.9 -0.449576 -0.197865
72 -0.46706 -0.152027
72.1 -0.479884 -0.104676
72.2 -0.48792 -0.0562825
72.3 -0.491088 -0.00733007
72.4 -0.489358 0.041693
72.5 -0.482746 0.0902978
72.6 -0.471319 0.137999
72.7 -0.455191 0.184322
72.8 -0.434523 0.228804
72.9 -0.409522 0.271001
73 -0.380437 0.310493
73.1 -0.347558 0.346885
73.2 -0.311214 0.379816
73.3 -0.271767 0.408956
73.4 -0.229612 0.434015
73.5 -0.185167 0.454743
73.6 -0.138878 0.470934
73.7 -0.0912062 0.482427
73.8 -0.0426267 0.489107
73.9 0.00637566 0.490907
74 0.055312 0.487811
74.1 0.103694 0.479848
74.2 0.15104 0.467099
74.3 0.196876 0.449692
74.4 0.240746 0.427799
74.5 0.282213 0.40164
74.6 0.320862 0.371476
74.7 0.356309 0.337608
74.8 0.388199 0.300374
74.9 0.416216 0.260145
75 0.440079 0.217323
75.1 0.459552 0.172336
75.2 0.474439 0.125632
75.3 0.484593 0.0776763
75.4 0.489912 0.0289485
75.5 0.490344 -0.0200656
75.6 0.485884 -0.0688771
75.7 0.476578 -0.116999
75.8 0.462519 -0.163952
75.9 0.443846 -0.209266
76 0.420747 -0.252491
76.1 0.393452 -0.293196
76.2 0.362233 -0.330973
76.3 0.327403 -0.365447
76.4 0.289308 -0.396274
76.5 0.24833 -0.423146
76.6 0.204876 -0.445796
76.7 0.15938 -0.463998
76.8 0.112297 -0.477571
76.9 0.0640965 -0.486379
77 0.0152586 -0.490335
77.1 -0.033729 -0.489399
77.2 -0.0823778 -0.483581
77.3 -0.130202 -0.47294
77.4 -0.176726 -0.457582
77.5 -0.221484 -0.43766
77.6 -0.264031 -0.413373
77.7 -0.303942 -0.384964
77.8 -0.340818 -0.352716
77.9 -0.374294 -0.316951
78 -0.404034 -0.278026
78.1 -0.429742 -0.23633
78.2 -0.451162 -0.192278
78.3 -0.46808 -0.146311
78.4 -0.480329 -0.0988863
78.5 -0.487785 -0.0504776
78.6 -0.490375 -0.00156771
78.7 -0.488074 0.0473554
78.8 -0.480903 0.0958037
78.9 -0.468937 0.143294
79 -0.452292 0.189352
79.1 -0.431137 0.23352
79.2 -0.405683 0.275355
79.3 -0.376182 0.314442
79.4 -0.342931 0.350391
79.5 -0.30626 0.382842
79.6 -0.266536 0.411473
79.7 -0.224156 0.435997
79.8 -0.179541 0.456171
79.9 -0.133138 0.471794
80 -0.0854088 0.48271
80.1 -0.0368301 0.48881
80.2 0.0121136 0.490034
80.3 0.0609341 0.486369
80.4 0.109144 0.477853
80.5 0.156263 0.464571
80.6 0.201821 0.446655
80.7 0.245364 0.424284
80.8 0.286457 0.397682
80.9 0.32469 0.367115
81 0.359682 0.332887
81.1 0.391085 0.29534
81.2 0.418585 0.254848
81.3 0.441908 0.211817
81.4 0.460822 0.166674
81.5 0.475138 0.119872
81.6 0.484714 0.0718755
81.7 0.489454 0.0231648
81.8 0.489311 -0.0257746
81.9 0.484287 -0.0744545
82 0.474433 -0.122389
82.1 0.459847 -0.169101
82.2 0.440674 -0.214123
82.3 0.417106 -0.257007
82.4 0.389379 -0.297326
82.5 0.357769 -0.334676
82.6 0.322591 -0.368686
82.7 0.284197 -0.399017
82.8 0.242971 -0.425366
82.9 0.199322 -0.44747
83 0.153688 -0.46511
83.1 0.106523 -0.478109
83.2 0.0582969 -0.486338
83.3 0.00949221 -0.489716
83.4 -0.0394048 -0.488208
83.5 -0.0879063 -0.48183
83.6 -0.135529 -0.470646
83.7 -0.181796 -0.454768
83.8 -0.226249 -0.434354
83.9 -0.268442 -0.409609
84 -0.307955 -0.380778
84.1 -0.344394 -0.348151
84.2 -0.377396 -0.312052
84.3 -0.406632 -0.272843
84.4 -0.43181 -0.230913
84.5 -0.452679 -0.186683
84.6 -0.469032 -0.140592
84.7 -0.480705 -0.093101
84.8 -0.487582 -0.0446837
84.9 -0.489596 0.00417693
85 -0.486725 0.0529935
85.1 -0.478999 0.101279
85.2 -0.466496 0.148552
85.3 -0.449339 0.19434
85.4 -0.427701 0.238188
85.5 -0.401798 0.279658
85.6 -0.371888 0.318336
85.7 -0.33827 0.353836
85.8 -0.301279 0.385805
85.9 -0.261285 0.413924
86 -0.218686 0.437913
86.1 -0.173908 0.457532
86.2 -0.127397 0.472586
86.3 -0.0796176 0.482925
86.4 -0.0310464 0.488446
86.5 0.017832 0.489095
86.6 0.0665301 0.484864
86.7 0.114562 0.475798
86.8 0.161449 0.461985
86.9 0.206723 0.443565
87 0.249933 0.420721
87.1 0.290647 0.393681
87.2 0.32846 0.362715
87.3 0.362995 0.328133
87.4 0.393907 0.29028
87.5 0.420888 0.249532
87.6 0.443669 0.206298
87.7 0.462024 0.161007
87.8 0.475769 0.114113
87.9 0.484767 0.0660828
88 0.488929 0.0173958
88.1 0.488213 -0.0314623
88.2 0.482628 -0.0800042
88.3 0.472228 -0.127746
88.4 0.457118 -0.17421
88.5 0.43745 -0.218935
88.6 0.413418 -0.261473
88.7 0.385264 -0.301401
88.8 0.353268 -0.338321
88.9 0.317749 -0.371864
89 0.279063 -0.401696
89.1 0.237595 -0.427519
89.2 0.193758 -0.449076
89.3 0.147992 -0.466153
89.4 0.100751 -0.478578
89.5 0.0525073 -0.48623
89.6 0.0037424 -0.48903
89.7 -0.0450574 -0.486952
89.8 -0.0934053 -0.480017
89.9 -0.140819 -0.468293
90 -0.186826 -0.451899
90.1 -0.230967 -0.430998
90.2 -0.272801 -0.405799
90.3 -0.311913 -0.376553
90.4 -0.34791 -0.343552
90.5 -0.380436 -0.307126
90.6 -0.409165 -0.267637
90.7 -0.433811 -0.225481
90.8 -0.454129 -0.181078
90.9 -0.469915 -0.134871
91 -0.481013 -0.0873207
91.1 -0.487312 -0.0389016
91.2 -0.48875 0.00990309
91.3 -0.485313 0.0586066
91.4 -0.477034 0.106723
91.5 -0.463997 0.153773
91.6 -0.446333 0.199286
91.7 -0.424217 0.242809
91.8 -0.39787 0.283908
91.9 -0.367556 0.322172
92 -0.333576 0.357221
92.1 -0.296271 0.388705
92.2 -0.256013 0.41631
92.3 -0.213202 0.439761
92.4 -0.168267 0.458824
92.5 -0.121656 0.473309
92.6 -0.0738332 0.483071
92.7 -0.0252764 0.488015
92.8 0.0235301 0.48809
92.9 0.0720994 0.483297
93 0.119947 0.473682
93.1 0.166596 0.459343
93.2 0.211581 0.440423
93.3 0.254453 0.41711
93.4 0.294784 0.389637
93.5 0.332173 0.358279
93.6 0.366247 0.323349
93.7 0.396665 0.285195
93.8 0.423125 0.244198
93.9 0.445363 0.200767
94 0.463158 0.155335
94.1 0.476331 0.108356
94.2 0.484752 0.0602989
94.3 0.488337 0.0116423
94.4 0.48705 -0.0371279
94.5 0.480906 -0.0855254
94.6 0.469964 -0.133067
94.7 0.454335 -0.17928
94.8 0.434174 -0.223701
94.9 0.409684 -0.265889
95 0.381108 -0.305422
95.1 0.348731 -0.341907
95.2 0.312878 -0.37498
95.3 0.273905 -0.40431
95.4 0.232202 -0.429605
95.5 0.188185 -0.450614
95.6 0.142292 -0.467127
95.7 0.0949829 -0.47898
95.8 0.0467283 -0.486053
95.9 -0.00199002 -0.488278
96 -0.0506861 -0.485632
96.1 -0.0988741 -0.478142
96.2 -0.146073 -0.465883
96.3 -0.191813 -0.448977
96.4 -0.235638 -0.427593
96.5 -0.277109 -0.401944
96.6 -0.315814 -0.372288
96.7 -0.351367 -0.338919
96.8 -0.383413 -0.302171
96.9 -0.411633 -0.262411
97 -0.435746 -0.220035
97.1 -0.45551 -0.175466
97.2 -0.47073 -0.129149
97.3 -0.481253 -0.0815461
97.4 -0.486975 -0.0331321
97.5 -0.487839 0.01561
97.6 -0.483837 0.064194
97.7 -0.475008 0.112135
97.8 -0.461442 0.158956
97.9 -0.443273 0.204188
98 -0.420683 0.247381
98.1 -0.393898 0.288105
98.2 -0.363185 0.325952
98.3 -0.328851 0.360546
98.4 -0.291238 0.391542
98.5 -0.250721 0.418631
98.6 -0.207706 0.441542
98.7 -0.162621 0.460048
98.8 -0.115916 0.473963
98.9 -0.0680565 0.48315
99 -0.0195209 0.487517
99.1 0.0292071 0.487021
99.2 0.0776413 0.481666
99.3 0.125299 0.471507
99.4 0.171704 0.456645
99.5 0.216394 0.437228
99.6 0.258923 0.413452
99.7 0.298867 0.385551
99.8 0.335828 0.353807
99.9 0.369437 0.318534
100 0.399359 0.280086
