0.1 0.497502 -0.0499167
0.2 0.490033 -0.0993346
0.3 0.477668 -0.14776
0.4 0.460531 -0.194709
0.5 0.438791 -0.239713
0.6 0.412668 -0.282322
0.7 0.382421 -0.322109
0.8 0.348353 -0.358679
0.9 0.310805 -0.391664
1 0.270151 -0.420736
1.1 0.226798 -0.445605
1.2 0.181178 -0.466021
1.3 0.133749 -0.48178
1.4 0.0849826 -0.492726
1.5 0.0353674 -0.498749
1.6 -0.0146012 -0.499788
1.7 -0.0644239 -0.495833
1.8 -0.113603 -0.486925
1.9 -0.161647 -0.473151
2 -0.208076 -0.454649
2.1 -0.252425 -0.431605
2.2 -0.294253 -0.404248
2.3 -0.333141 -0.372852
2.4 -0.3687 -0.337731
2.5 -0.400575 -0.299235
2.6 -0.428447 -0.257749
2.7 -0.452039 -0.213688
2.8 -0.471114 -0.167492
2.9 -0.485482 -0.119622
3 -0.494999 -0.0705573
3.1 -0.49957 -0.0207872
3.2 -0.499149 0.0291905
3.3 -0.493742 0.0788766
3.4 -0.483401 0.127775
3.5 -0.468229 0.175396
3.6 -0.44838 0.221265
3.7 -0.42405 0.264923
3.8 -0.395484 0.305934
3.9 -0.362965 0.343888
4 -0.326821 0.378406
4.1 -0.28741 0.409144
4.2 -0.245128 0.435793
4.3 -0.200397 0.458088
4.4 -0.153663 0.475806
4.5 -0.105394 0.488769
4.6 -0.0560717 0.496849
4.7 -0.00618929 0.499965
4.8 0.043755 0.498085
4.9 0.0932621 0.491229
5 0.141837 0.479464
5.1 0.188995 0.462909
5.2 0.234265 0.441728
5.3 0.277194 0.416134
5.4 0.317354 0.386382
5.5 0.354342 0.352769
5.6 0.38779 0.315631
5.7 0.417363 0.27534
5.8 0.442767 0.232297
5.9 0.463746 0.186934
6 0.480091 0.139703
6.1 0.49164 0.0910755
6.2 0.498276 0.0415383
6.3 0.499934 -0.00841401
6.4 0.496596 -0.0582822
6.5 0.488297 -0.107568
6.6 0.475119 -0.155779
6.7 0.457193 -0.202434
6.8 0.434699 -0.247066
6.9 0.407862 -0.289229
7 0.37695 -0.328503
7.1 0.342271 -0.364494
7.2 0.304173 -0.396843
7.3 0.263035 -0.425227
7.4 0.219269 -0.449363
7.5 0.173312 -0.469008
7.6 0.125623 -0.483968
7.7 0.0766793 -0.494091
7.8 0.0269693 -0.499278
7.9 -0.0230102 -0.499476
8 -0.0727598 -0.494684
8.1 -0.121782 -0.484949
8.2 -0.169588 -0.470368
8.3 -0.2157 -0.451088
8.4 -0.259656 -0.4273
8.5 -0.301018 -0.399243
8.6 -0.339372 -0.367197
8.7 -0.374335 -0.331482
8.8 -0.405558 -0.292454
8.9 -0.432729 -0.250505
9 -0.455576 -0.206053
9.1 -0.473871 -0.159542
9.2 -0.487431 -0.111436
9.3 -0.496121 -0.0622177
9.4 -0.499854 -0.0123772
9.5 -0.498593 0.0375868
9.6 -0.492349 0.0871754
9.7 -0.481187 0.135893
9.8 -0.465216 0.183253
9.9 -0.444597 0.228781
10 -0.419536 0.272024
10.1 -0.390283 0.312549
10.2 -0.35713 0.349951
10.3 -0.320409 0.383856
10.4 -0.280487 0.413926
10.5 -0.237762 0.439861
10.6 -0.192661 0.4614
10.7 -0.145635 0.478329
10.8 -0.0971545 0.490479
10.9 -0.0477029 0.497728
11 0.00222543 0.500004
11.1 0.0521315 0.497283
11.2 0.101517 0.489595
11.3 0.149888 0.477014
11.4 0.196761 0.459667
11.5 0.241668 0.437728
11.6 0.284161 0.411414
11.7 0.323814 0.38099
11.8 0.360232 0.346759
11.9 0.393051 0.309064
12 0.421942 0.26828
12.1 0.446618 0.224816
12.2 0.466831 0.179105
12.3 0.482379 0.131605
12.4 0.493108 0.0827897
12.5 0.49891 0.0331473
12.6 0.499727 -0.0168263
12.7 0.49555 -0.0666318
12.8 0.486423 -0.115771
12.9 0.472435 -0.163754
13 0.453726 -0.210101
13.1 0.430484 -0.254349
13.2 0.402941 -0.296055
13.3 0.371372 -0.334803
13.4 0.336092 -0.370206
13.5 0.297454 -0.40191
13.6 0.255844 -0.429598
13.7 0.211678 -0.452994
13.8 0.165396 -0.471863
13.9 0.117462 -0.486018
14 0.0683542 -0.495317
14.1 0.0185634 -0.499666
14.2 -0.0314129 -0.499023
14.3 -0.0810752 -0.493394
14.4 -0.129928 -0.482835
14.5 -0.177482 -0.467452
14.6 -0.223263 -0.447398
14.7 -0.266813 -0.422874
14.8 -0.307697 -0.394125
14.9 -0.345506 -0.361437
15 -0.379864 -0.325138
15.1 -0.410426 -0.285591
15.2 -0.436887 -0.24319
15.3 -0.458983 -0.198359
15.4 -0.476493 -0.151546
15.5 -0.489242 -0.103219
15.6 -0.497103 -0.0538603
15.7 -0.499997 -0.00396358
15.8 -0.497894 0.0459727
15.9 -0.490817 0.0954497
16 -0.478836 0.143973
16.1 -0.462071 0.191058
16.2 -0.440689 0.236233
16.3 -0.414903 0.279049
16.4 -0.384972 0.319076
16.5 -0.351194 0.355915
16.6 -0.313907 0.389198
16.7 -0.273484 0.418592
16.8 -0.230328 0.443804
16.9 -0.184871 0.464581
17 -0.137566 0.480717
17.1 -0.0888875 0.492049
17.2 -0.0393203 0.498465
17.3 0.0106397 0.4999
17.4 0.0604934 0.496341
17.5 0.109743 0.487822
17.6 0.157896 0.474429
17.7 0.204471 0.456295
17.8 0.249003 0.433603
17.9 0.291047 0.406578
18 0.330183 0.37549
18.1 0.36602 0.340651
18.2 0.3982 0.302408
18.3 0.426402 0.261144
18.4 0.450342 0.21727
18.5 0.469783 0.171225
18.6 0.48453 0.12347
18.7 0.494436 0.0744803
18.8 0.499402 0.0247468
18.9 0.499378 -0.025234
19 0.494364 -0.0749626
19.1 0.48441 -0.123942
19.2 0.469617 -0.171684
19.3 0.450131 -0.217709
19.4 0.426147 -0.26156
19.5 0.397906 -0.302797
19.6 0.365689 -0.341009
19.7 0.329818 -0.375813
19.8 0.290651 -0.406863
19.9 0.248581 -0.433847
20 0.204026 -0.456496
20.1 0.157433 -0.474585
20.2 0.109267 -0.487931
20.3 0.0600095 -0.496402
20.4 0.0101521 -0.499913
20.5 -0.0398068 -0.498429
20.6 -0.0893679 -0.491965
20.7 -0.138036 -0.480585
20.8 -0.185325 -0.464404
20.9 -0.230762 -0.443582
21 -0.273894 -0.418328
21.1 -0.314289 -0.388895
21.2 -0.351544 -0.355575
21.3 -0.385286 -0.318703
21.4 -0.415178 -0.278646
21.5 -0.440922 -0.235805
21.6 -0.462261 -0.190608
21.7 -0.478981 -0.143507
21.8 -0.490915 -0.0949717
21.9 -0.497944 -0.0454874
22 -0.499997 0.00445137
22.1 -0.497055 0.0543457
22.2 -0.489146 0.103697
22.3 -0.47635 0.152012
22.4 -0.458795 0.198809
22.5 -0.436655 0.243619
22.6 -0.410152 0.285994
22.7 -0.379551 0.325513
22.8 -0.345158 0.361779
22.9 -0.307316 0.39443
23 -0.266403 0.42314
23.1 -0.222829 0.447622
23.2 -0.177028 0.467631
23.3 -0.129458 0.482969
23.4 -0.0805951 0.49348
23.5 -0.0309265 0.499061
23.6 0.0190511 0.499655
23.7 0.0688384 0.495257
23.8 0.117938 0.485911
23.9 0.165859 0.471709
24 0.212123 0.452794
24.1 0.256267 0.429355
24.2 0.297851 0.401626
24.3 0.336459 0.369884
24.4 0.371705 0.334447
24.5 0.403237 0.295667
24.6 0.43074 0.253933
24.7 0.453939 0.209662
24.8 0.472603 0.163297
24.9 0.486545 0.115299
25 0.495625 0.0661496
25.1 0.499753 0.0163391
25.2 0.498887 -0.0336346
25.3 0.493037 -0.0832724
25.4 0.482261 -0.132078
25.5 0.466666 -0.179564
25.6 0.446408 -0.225256
25.7 0.421689 -0.268697
25.8 0.392758 -0.309454
25.9 0.359902 -0.347118
26 0.32345 -0.381314
26.1 0.283766 -0.411701
26.2 0.241247 -0.437973
26.3 0.196317 -0.45987
26.4 0.149426 -0.477171
26.5 0.101042 -0.489705
26.6 0.0516476 -0.497346
26.7 0.00173772 -0.500018
26.8 -0.0481896 -0.497693
26.9 -0.0976354 -0.490396
27 -0.146106 -0.478199
27.1 -0.193116 -0.461224
27.2 -0.238197 -0.43964
27.3 -0.280898 -0.413664
27.4 -0.320792 -0.383554
27.5 -0.357481 -0.349612
27.6 -0.390599 -0.312177
27.7 -0.419813 -0.271623
27.8 -0.444833 -0.228354
27.9 -0.465408 -0.182804
28 -0.481333 -0.135427
28.1 -0.492449 -0.0866976
28.2 -0.498644 -0.0371016
28.3 -0.499857 0.0128652
28.4 -0.496075 0.0627035
28.5 -0.487337 0.111915
28.6 -0.473729 0.160009
28.7 -0.455389 0.206504
28.8 -0.432498 0.250935
28.9 -0.405285 0.292859
29 -0.374023 0.331857
29.1 -0.339024 0.36754
29.2 -0.300638 0.39955
29.3 -0.259247 0.427567
29.4 -0.215267 0.451313
29.5 -0.169135 0.470549
29.6 -0.121313 0.485084
29.7 -0.0722797 0.494772
29.8 -0.0225237 0.499516
29.9 0.0274573 0.499269
30 0.077164 0.494034
30.1 0.1261 0.483862
30.2 0.173775 0.468856
30.3 0.219715 0.449165
30.4 0.263459 0.424986
30.5 0.304571 0.396561
30.6 0.342639 0.364173
30.7 0.377284 0.328147
30.8 0.40816 0.288842
30.9 0.434957 0.246651
31 0.457408 0.201996
31.1 0.475289 0.155322
31.2 0.488421 0.107096
31.3 0.496673 0.0578
31.4 0.499962 0.00792664
31.5 0.498256 -0.042026
31.6 0.491571 -0.0915587
31.7 0.479974 -0.140177
31.8 0.463582 -0.187394
31.9 0.442558 -0.232739
32 0.417112 -0.275758
32.1 0.387498 -0.316023
32.2 0.354013 -0.353129
32.3 0.31699 -0.386708
32.4 0.2768 -0.416422
32.5 0.233844 -0.441976
32.6 0.188552 -0.463113
32.7 0.141376 -0.479623
32.8 0.092787 -0.491341
32.9 0.043271 -0.49815
33 -0.0066773 -0.499981
33.1 -0.0565589 -0.496817
33.2 -0.105875 -0.488689
33.3 -0.154134 -0.475677
33.4 -0.200853 -0.457913
33.5 -0.245564 -0.435574
33.6 -0.287823 -0.408882
33.7 -0.327205 -0.378105
33.8 -0.363318 -0.34355
33.9 -0.395801 -0.305562
34 -0.424329 -0.264522
34.1 -0.448617 -0.220838
34.2 -0.468423 -0.174948
34.3 -0.483549 -0.127309
34.4 -0.493843 -0.0783988
34.5 -0.499203 -0.028705
34.6 -0.499574 0.0212756
34.7 -0.494955 0.0710437
34.8 -0.485389 0.120102
34.9 -0.470974 0.16796
35 -0.451853 0.21414
35.1 -0.428218 0.258181
35.2 -0.400303 0.299641
35.3 -0.368389 0.338108
35.4 -0.332794 0.373197
35.5 -0.293874 0.404556
35.6 -0.252018 0.431874
35.7 -0.207643 0.454876
35.8 -0.161194 0.473334
35.9 -0.113134 0.487062
36 -0.0639437 0.495923
36.1 -0.0141144 0.499829
36.2 0.0358559 0.498741
36.3 0.0854679 0.49267
36.4 0.134226 0.481676
36.5 0.181643 0.46587
36.6 0.227245 0.445408
36.7 0.270576 0.420496
36.8 0.311204 0.391383
36.9 0.348723 0.358359
37 0.382757 0.321755
37.1 0.412967 0.281935
37.2 0.439051 0.239299
37.3 0.460747 0.194271
37.4 0.47784 0.147303
37.5 0.490159 0.0988622
37.6 0.49758 0.0494339
37.7 0.500029 -0.000488255
37.8 0.497483 -0.0504056
37.9 0.489965 -0.0998193
38 0.477552 -0.148236
38.1 0.460368 -0.195171
38.2 0.438583 -0.240156
38.3 0.412416 -0.282742
38.4 0.382129 -0.322502
38.5 0.348023 -0.35904
38.6 0.31044 -0.391991
38.7 0.269756 -0.421025
38.8 0.226376 -0.445853
38.9 0.180733 -0.466225
39 0.133286 -0.481939
39.1 0.084506 -0.492838
39.2 0.034882 -0.498813
39.3 -0.0150906 -0.499803
39.4 -0.0649124 -0.4958
39.5 -0.114086 -0.486842
39.6 -0.162119 -0.473021
39.7 -0.208532 -0.454473
39.8 -0.252862 -0.431384
39.9 -0.294666 -0.403985
40 -0.333525 -0.372549
40.1 -0.369052 -0.337391
40.2 -0.400891 -0.298861
40.3 -0.428725 -0.257346
40.4 -0.452275 -0.213259
40.5 -0.471306 -0.167042
40.6 -0.485628 -0.119155
40.7 -0.495097 -0.0700776
40.8 -0.49962 -0.0203002
40.9 -0.499151 0.0296801
41 -0.493694 0.0793639
41.1 -0.483304 0.128255
41.2 -0.468086 0.175864
41.3 -0.44819 0.221716
41.4 -0.423816 0.265353
41.5 -0.395208 0.306339
41.6 -0.362651 0.344263
41.7 -0.32647 0.378748
41.8 -0.287027 0.409449
41.9 -0.244717 0.436058
42 -0.199961 0.458311
42.1 -0.153207 0.475984
42.2 -0.104922 0.488901
42.3 -0.0555894 0.496934
42.4 -0.00570096 0.500001
42.5 0.0442444 0.498072
42.6 0.0937478 0.491167
42.7 0.142314 0.479354
42.8 0.189459 0.462751
42.9 0.234711 0.441525
43 0.277617 0.415888
43.1 0.31775 0.386094
43.2 0.354708 0.352443
43.3 0.388122 0.315271
43.4 0.417657 0.274948
43.5 0.44302 0.231878
43.6 0.463956 0.186492
43.7 0.480256 0.139242
43.8 0.491758 0.0906003
43.9 0.498346 0.0410537
44 0.499955 -0.00890318
44.1 0.496569 -0.0587711
44.2 0.488221 -0.108052
44.3 0.474995 -0.156253
44.4 0.457022 -0.202893
44.5 0.434484 -0.247505
44.6 0.407604 -0.289645
44.7 0.376651 -0.328891
44.8 0.341935 -0.36485
44.9 0.303803 -0.397164
45 0.262635 -0.42551
45.1 0.218842 -0.449604
45.2 0.172864 -0.469205
45.3 0.125158 -0.484119
45.4 0.0762009 -0.494196
45.5 0.0264829 -0.499334
45.6 -0.0234998 -0.499483
45.7 -0.0732477 -0.494642
45.8 -0.122264 -0.484858
45.9 -0.170058 -0.47023
46 -0.216153 -0.450904
46.1 -0.260089 -0.427072
46.2 -0.301426 -0.398972
46.3 -0.339751 -0.366887
46.4 -0.374681 -0.331135
46.5 -0.405868 -0.292075
46.6 -0.432999 -0.250097
46.7 -0.455804 -0.20562
46.8 -0.474055 -0.159088
46.9 -0.487569 -0.110967
47 -0.496211 -0.0617364
47.1 -0.499896 -0.0118894
47.2 -0.498585 0.0380764
47.3 -0.492293 0.0876618
47.4 -0.481082 0.136371
47.5 -0.465065 0.183718
47.6 -0.4444 0.22923
47.7 -0.419295 0.27245
47.8 -0.390001 0.312949
47.9 -0.356809 0.350321
48 -0.320053 0.384192
48.1 -0.280099 0.414225
48.2 -0.237346 0.440119
48.3 -0.192222 0.461616
48.4 -0.145176 0.4785
48.5 -0.0966808 0.490603
48.6 -0.0472192 0.497804
48.7 0.0027143 0.500031
48.8 0.0526207 0.497262
48.9 0.102001 0.489525
49 0.150363 0.476896
49.1 0.197222 0.459502
49.2 0.24211 0.437517
49.3 0.28458 0.411161
49.4 0.324206 0.380696
49.5 0.360592 0.346428
49.6 0.393376 0.308698
49.7 0.422229 0.267883
49.8 0.446864 0.224392
49.9 0.467033 0.178659
50 0.482536 0.131141
50.1 0.493218 0.0823126
50.2 0.498972 0.0326616
50.3 0.49974 -0.0173157
50.4 0.495515 -0.0671201
50.5 0.486338 -0.116254
50.6 0.472303 -0.164226
50.7 0.453548 -0.210557
50.8 0.430261 -0.254785
50.9 0.402676 -0.296466
51 0.371067 -0.335186
51.1 0.33575 -0.370556
51.2 0.297079 -0.402224
51.3 0.255439 -0.429874
51.4 0.211247 -0.453227
51.5 0.164945 -0.472053
51.6 0.116994 -0.486162
51.7 0.0678741 -0.495413
51.8 0.0180761 -0.499714
51.9 -0.0319025 -0.499022
52 -0.0815623 -0.493344
52.1 -0.130407 -0.482737
52.2 -0.177949 -0.467306
52.3 -0.223713 -0.447207
52.4 -0.267242 -0.422638
52.5 -0.3081 -0.393847
52.6 -0.34588 -0.361121
52.7 -0.380204 -0.324786
52.8 -0.41073 -0.285207
52.9 -0.437151 -0.242777
53 -0.459204 -0.197922
53.1 -0.47667 -0.151089
53.2 -0.489372 -0.102747
53.3 -0.497185 -0.0533775
53.4 -0.50003 -0.00347509
53.5 -0.497879 0.0464621
53.6 -0.490753 0.0959351
53.7 -0.478724 0.14445
53.8 -0.461912 0.191521
53.9 -0.440484 0.236678
54 -0.414655 0.279471
54.1 -0.384683 0.319471
54.2 -0.350867 0.35628
54.3 -0.313545 0.389528
54.4 -0.273091 0.418884
54.5 -0.229908 0.444056
54.6 -0.184428 0.46479
54.7 -0.137105 0.48088
54.8 -0.0884118 0.492165
54.9 -0.0388354 0.498533
55 0.011129 0.49992
55.1 0.0609822 0.496311
55.2 0.110226 0.487744
55.3 0.158369 0.474303
55.4 0.204929 0.456123
55.5 0.249441 0.433385
55.6 0.291462 0.406317
55.7 0.33057 0.37519
55.8 0.366375 0.340314
55.9 0.39852 0.302037
56 0.426682 0.260742
56.1 0.450581 0.216843
56.2 0.469979 0.170776
56.3 0.48468 0.123003
56.4 0.494538 0.0740014
56.5 0.499456 0.0242601
56.6 0.499383 -0.0257236
56.7 0.49432 -0.0754503
56.8 0.484318 -0.124423
56.9 0.469477 -0.172153
57 0.449945 -0.218162
57.1 0.425917 -0.261992
57.2 0.397634 -0.303204
57.3 0.365377 -0.341387
57.4 0.32947 -0.376158
57.5 0.290271 -0.407171
57.6 0.248171 -0.434116
57.7 0.203592 -0.456723
57.8 0.156979 -0.474767
57.9 0.108797 -0.488067
58 0.0595278 -0.49649
58.1 0.00966403 -0.499952
58.2 -0.0402963 -0.49842
58.3 -0.0898541 -0.491907
58.4 -0.138514 -0.480479
58.5 -0.18579 -0.46425
58.6 -0.23121 -0.443383
58.7 -0.274319 -0.418085
58.8 -0.314688 -0.38861
58.9 -0.351912 -0.355253
59 -0.38562 -0.318345
59.1 -0.415475 -0.278257
59.2 -0.441179 -0.235388
59.3 -0.462475 -0.190168
59.4 -0.47915 -0.143047
59.5 -0.491037 -0.0944975
59.6 -0.498018 -0.0450034
59.7 -0.500023 0.00494037
59.8 -0.497032 0.0548348
59.9 -0.489074 0.104181
60 -0.47623 0.152487
60.1 -0.458628 0.199269
60.2 -0.436443 0.24406
60.3 -0.409897 0.286412
60.4 -0.379256 0.325903
60.5 -0.344825 0.362137
60.6 -0.306949 0.394753
60.7 -0.266006 0.423425
60.8 -0.222405 0.447866
60.9 -0.176582 0.467832
61 -0.128994 0.483124
61.1 -0.0801175 0.493588
61.2 -0.0304405 0.499121
61.3 0.0195406 0.499666
61.4 0.0693265 0.495219
61.5 0.11842 0.485824
61.6 0.16633 0.471575
61.7 0.212578 0.452614
61.8 0.256702 0.42913
61.9 0.298261 0.401359
62 0.33684 0.369577
62.1 0.372054 0.334103
62.2 0.40355 0.295291
62.3 0.431014 0.253527
62.4 0.454171 0.209231
62.5 0.472791 0.162844
62.6 0.486686 0.11483
62.7 0.495719 0.0656691
62.8 0.499798 0.0158516
62.9 0.498884 -0.0341243
63 0.492985 -0.0837592
63.1 0.48216 -0.132557
63.2 0.466518 -0.180031
63.3 0.446214 -0.225706
63.4 0.421452 -0.269125
63.5 0.392479 -0.309856
63.6 0.359584 -0.347491
63.7 0.323096 -0.381653
63.8 0.28338 -0.412002
63.9 0.240833 -0.438235
64 0.195879 -0.460089
64.1 0.148968 -0.477346
64.2 0.100569 -0.489833
64.3 0.0511646 -0.497426
64.4 0.00124907 -0.500049
64.5 -0.0486789 -0.497676
64.6 -0.0981206 -0.49033
64.7 -0.146582 -0.478085
64.8 -0.193578 -0.461062
64.9 -0.238641 -0.439433
65 -0.281319 -0.413414
65.1 -0.321186 -0.383263
65.2 -0.357844 -0.349283
65.3 -0.390927 -0.311814
65.4 -0.420103 -0.271228
65.5 -0.445082 -0.227933
65.6 -0.465614 -0.18236
65.7 -0.481494 -0.134965
65.8 -0.492563 -0.0862214
65.9 -0.49871 -0.0366163
66 -0.499874 0.0133546
66.1 -0.496043 0.0631921
66.2 -0.487257 0.112398
66.3 -0.473601 0.160481
66.4 -0.455214 0.206961
66.5 -0.432278 0.251373
66.6 -0.405023 0.293273
66.7 -0.373721 0.332243
66.8 -0.338685 0.367893
66.9 -0.300265 0.399867
67 -0.258845 0.427846
67.1 -0.214838 0.45155
67.2 -0.168685 0.470742
67.3 -0.120846 0.485231
67.4 -0.0718004 0.494872
67.5 -0.0220368 0.499568
67.6 0.0279469 0.499272
67.7 0.0776515 0.493988
67.8 0.12658 0.483768
67.9 0.174244 0.468714
68 0.220167 0.448977
68.1 0.26389 0.424754
68.2 0.304977 0.396287
68.3 0.343016 0.36386
68.4 0.377628 0.327798
68.5 0.408466 0.28846
68.6 0.435224 0.246241
68.7 0.457633 0.20156
68.8 0.475469 0.154866
68.9 0.488555 0.106625
69 0.496759 0.057318
69.1 0.499999 0.00743841
69.2 0.498244 -0.0425155
69.3 0.49151 -0.0920446
69.4 0.479866 -0.140654
69.5 0.463427 -0.187858
69.6 0.442357 -0.233185
69.7 0.416867 -0.276182
69.8 0.387212 -0.31642
69.9 0.353689 -0.353496
70 0.316631 -0.38704
70.1 0.276409 -0.416717
70.2 0.233426 -0.44223
70.3 0.188111 -0.463325
70.4 0.140915 -0.47979
70.5 0.0923122 -0.491461
70.6 0.0427867 -0.498222
70.7 -0.00716642 -0.500004
70.8 -0.0570479 -0.496791
70.9 -0.106359 -0.488614
71 -0.154608 -0.475555
71.1 -0.201312 -0.457744
71.2 -0.246005 -0.43536
71.3 -0.288239 -0.408625
71.4 -0.327594 -0.377808
71.5 -0.363675 -0.343215
71.6 -0.396123 -0.305194
71.7 -0.424613 -0.264123
71.8 -0.44886 -0.220413
71.9 -0.468622 -0.1745
72 -0.483702 -0.126844
72.1 -0.493949 -0.0779207
72.2 -0.49926 -0.0282188
72.3 -0.499583 0.0217652
72.4 -0.494915 0.0715317
72.5 -0.485301 0.120583
72.6 -0.470838 0.16843
72.7 -0.451671 0.214595
72.8 -0.427991 0.258614
72.9 -0.400034 0.30005
73 -0.368081 0.338488
73.1 -0.332449 0.373544
73.2 -0.293496 0.404868
73.3 -0.251611 0.432146
73.4 -0.207211 0.455106
73.5 -0.160741 0.473519
73.6 -0.112665 0.487201
73.7 -0.0634627 0.496015
73.8 -0.0136267 0.499873
73.9 0.0363455 0.498736
74 0.0859545 0.492616
74.1 0.134705 0.481574
74.2 0.182109 0.46572
74.3 0.227694 0.445213
74.4 0.271004 0.420257
74.5 0.311605 0.391102
74.6 0.349094 0.35804
74.7 0.383094 0.3214
74.8 0.413267 0.281548
74.9 0.439311 0.238884
75 0.460965 0.193832
75.1 0.478013 0.146844
75.2 0.490285 0.0983889
75.3 0.497658 0.0489505
75.4 0.500059 -0.000977049
75.5 0.497463 -0.0508949
75.6 0.489897 -0.100304
75.7 0.477436 -0.148711
75.8 0.460204 -0.195632
75.9 0.438374 -0.240599
76 0.412165 -0.283162
76.1 0.381836 -0.322895
76.2 0.347693 -0.359402
76.3 0.310076 -0.392318
76.4 0.26936 -0.421314
76.5 0.225953 -0.4461
76.6 0.180288 -0.46643
76.7 0.132822 -0.482098
76.8 0.0840293 -0.49295
76.9 0.0343965 -0.498876
77 -0.01558 -0.499818
77.1 -0.0654009 -0.495766
77.2 -0.114568 -0.48676
77.3 -0.162591 -0.47289
77.4 -0.208989 -0.454296
77.5 -0.253299 -0.431162
77.6 -0.295078 -0.40372
77.7 -0.333909 -0.372245
77.8 -0.369403 -0.33705
77.9 -0.401207 -0.298487
78 -0.429002 -0.256942
78.1 -0.45251 -0.21283
78.2 -0.471497 -0.166591
78.3 -0.485773 -0.118687
78.4 -0.495195 -0.0695978
78.5 -0.499669 -0.019813
78.6 -0.499151 0.0301698
78.7 -0.493646 0.0798512
78.8 -0.483208 0.128735
78.9 -0.467942 0.176332
79 -0.448 0.222167
79.1 -0.423582 0.265783
79.2 -0.394932 0.306743
79.3 -0.362336 0.344638
79.4 -0.326119 0.37909
79.5 -0.286644 0.409754
79.6 -0.244305 0.436323
79.7 -0.199525 0.458533
79.8 -0.152751 0.476162
79.9 -0.104451 0.489033
80 -0.0551069 0.497018
80.1 -0.00521256 0.500036
80.2 0.0447339 0.498059
80.3 0.0942335 0.491104
80.4 0.142791 0.479243
80.5 0.189923 0.462594
80.6 0.235156 0.441322
80.7 0.27804 0.415641
80.8 0.318146 0.385807
80.9 0.355073 0.352118
81 0.388453 0.31491
81.1 0.417951 0.274556
81.2 0.443273 0.231459
81.3 0.464166 0.186049
81.4 0.480421 0.13878
81.5 0.491876 0.090125
81.6 0.498416 0.040569
81.7 0.499976 -0.0093924
81.8 0.496541 -0.05926
81.9 0.488144 -0.108535
82 0.47487 -0.156726
82.1 0.456851 -0.203352
82.2 0.434268 -0.247945
82.3 0.407345 -0.290061
82.4 0.376352 -0.329278
82.5 0.341599 -0.365206
82.6 0.303433 -0.397485
82.7 0.262234 -0.425792
82.8 0.218416 -0.449844
82.9 0.172415 -0.469402
83 0.124692 -0.48427
83.1 0.0757223 -0.494299
83.2 0.0259963 -0.49939
83.3 -0.0239894 -0.49949
83.4 -0.0737355 -0.4946
83.5 -0.122745 -0.484768
83.6 -0.170528 -0.470092
83.7 -0.216607 -0.450719
83.8 -0.260522 -0.426843
83.9 -0.301834 -0.398701
84 -0.340129 -0.366577
84.1 -0.375027 -0.330789
84.2 -0.406177 -0.291696
84.3 -0.433269 -0.249689
84.4 -0.456032 -0.205186
84.5 -0.474238 -0.158634
84.6 -0.487706 -0.110497
84.7 -0.496301 -0.061255
84.8 -0.499937 -0.0114015
84.9 -0.498578 0.038566
85 -0.492237 0.0881482
85.1 -0.480978 0.13685
85.2 -0.464913 0.184184
85.3 -0.444202 0.229678
85.4 -0.419054 0.272877
85.5 -0.389718 0.313349
85.6 -0.356488 0.350691
85.7 -0.319697 0.384528
85.8 -0.279711 0.414524
85.9 -0.23693 0.440377
86 -0.191782 0.461831
86.1 -0.144717 0.47867
86.2 -0.096207 0.490726
86.3 -0.0467354 0.49788
86.4 0.00320323 0.500058
86.5 0.0531099 0.49724
86.6 0.102486 0.489454
86.7 0.150838 0.476777
86.8 0.197683 0.459337
86.9 0.242552 0.437307
87 0.284999 0.410907
87.1 0.324597 0.380402
87.2 0.360953 0.346096
87.3 0.393701 0.308331
87.4 0.422516 0.267487
87.5 0.44711 0.223969
87.6 0.467236 0.178213
87.7 0.482693 0.130677
87.8 0.493328 0.0818354
87.9 0.499033 0.0321758
88 0.499752 -0.0178053
88.1 0.495478 -0.0676084
88.2 0.486253 -0.116736
88.3 0.47217 -0.164697
88.4 0.453369 -0.211013
88.5 0.430038 -0.25522
88.6 0.40241 -0.296878
88.7 0.370761 -0.335569
88.8 0.335408 -0.370907
88.9 0.296703 -0.402539
89 0.255034 -0.430149
89.1 0.210817 -0.453461
89.2 0.164493 -0.472242
89.3 0.116526 -0.486305
89.4 0.0673938 -0.495509
89.5 0.0175887 -0.499761
89.6 -0.0323922 -0.499021
89.7 -0.0820494 -0.493294
89.8 -0.130887 -0.482638
89.9 -0.178417 -0.46716
90 -0.224164 -0.447014
90.1 -0.267671 -0.422402
90.2 -0.308504 -0.393569
90.3 -0.346254 -0.360804
90.4 -0.380544 -0.324434
90.5 -0.411033 -0.284822
90.6 -0.437414 -0.242364
90.7 -0.459425 -0.197485
90.8 -0.476846 -0.150632
90.9 -0.489502 -0.102274
91 -0.497267 -0.0528947
91.1 -0.500063 -0.00298653
91.2 -0.497863 0.0469515
91.3 -0.490689 0.0964205
91.4 -0.478611 0.144926
91.5 -0.461752 0.191984
91.6 -0.440279 0.237123
91.7 -0.414406 0.279893
91.8 -0.384393 0.319866
91.9 -0.35054 0.356644
92 -0.313183 0.389858
92.1 -0.272698 0.419176
92.2 -0.229488 0.444307
92.3 -0.183984 0.464998
92.4 -0.136643 0.481042
92.5 -0.0879359 0.492281
92.6 -0.0383504 0.498601
92.7 0.0116183 0.499938
92.8 0.0614709 0.496281
92.9 0.110709 0.487665
93 0.158842 0.474176
93.1 0.205387 0.455949
93.2 0.24988 0.433167
93.3 0.291876 0.406057
93.4 0.330956 0.374889
93.5 0.366729 0.339976
93.6 0.398838 0.301665
93.7 0.426962 0.260341
93.8 0.45082 0.216415
93.9 0.470173 0.170327
94 0.484829 0.122537
94.1 0.49464 0.0735224
94.2 0.499509 0.0237734
94.3 0.499387 -0.0262132
94.4 0.494275 -0.0759379
94.5 0.484225 -0.124904
94.6 0.469336 -0.172622
94.7 0.449758 -0.218615
94.8 0.425686 -0.262424
94.9 0.397361 -0.303611
95 0.365065 -0.341764
95.1 0.329122 -0.376502
95.2 0.28989 -0.407479
95.3 0.247762 -0.434384
95.4 0.203158 -0.456949
95.5 0.156524 -0.474948
95.6 0.108326 -0.488202
95.7 0.0590461 -0.496578
95.8 0.00917592 -0.499992
95.9 -0.0407859 -0.49841
96 -0.0903402 -0.491848
96.1 -0.138992 -0.480372
96.2 -0.186255 -0.464096
96.3 -0.231657 -0.443183
96.4 -0.274744 -0.417842
96.5 -0.315086 -0.388326
96.6 -0.35228 -0.35493
96.7 -0.385954 -0.317987
96.8 -0.415772 -0.277867
96.9 -0.441435 -0.234971
97 -0.462688 -0.189727
97.1 -0.479318 -0.142588
97.2 -0.491158 -0.0940231
97.3 -0.498091 -0.0445193
97.4 -0.500048 0.00542942
97.5 -0.497007 0.0553239
97.6 -0.489001 0.104666
97.7 -0.476109 0.152961
97.8 -0.45846 0.199729
97.9 -0.43623 0.244501
98 -0.409641 0.28683
98.1 -0.37896 0.326293
98.2 -0.344491 0.362496
98.3 -0.306581 0.395077
98.4 -0.265608 0.42371
98.5 -0.22198 0.44811
98.6 -0.176135 0.468033
98.7 -0.128529 0.483279
98.8 -0.0796398 0.493696
98.9 -0.0299544 0.49918
99 0.0200302 0.499677
99.1 0.0698147 0.495181
99.2 0.118902 0.485737
99.3 0.166801 0.47144
99.4 0.213033 0.452433
99.5 0.257137 0.428905
99.6 0.298671 0.401091
99.7 0.337222 0.36927
99.8 0.372403 0.333759
99.9 0.403863 0.294914
100 0.431287 0.253121
