0.1 0.5 -0.05
0.2 0.495 -0.1
0.3 0.485 -0.1495
0.4 0.47005 -0.198
0.5 0.45025 -0.245005
0.6 0.42575 -0.29003
0.7 0.396747 -0.332605
0.8 0.363486 -0.37228
0.9 0.326258 -0.408628
1 0.285395 -0.441254
1.1 0.24127 -0.469794
1.2 0.19429 -0.493921
1.3 0.144898 -0.51335
1.4 0.0935635 -0.527839
1.5 0.0407795 -0.537196
1.6 -0.01294 -0.541274
1.7 -0.0670674 -0.53998
1.8 -0.121065 -0.533273
1.9 -0.174393 -0.521166
2 -0.226509 -0.503727
2.1 -0.276882 -0.481076
2.2 -0.32499 -0.453388
2.3 -0.370328 -0.420889
2.4 -0.412417 -0.383856
2.5 -0.450803 -0.342614
2.6 -0.485064 -0.297534
2.7 -0.514818 -0.249028
2.8 -0.539721 -0.197546
2.9 -0.559475 -0.143574
3 -0.573833 -0.0876263
3.1 -0.582595 -0.0302431
3.2 -0.58562 0.0280164
3.3 -0.582818 0.0865784
3.4 -0.57416 0.14486
3.5 -0.559674 0.202276
3.6 -0.539446 0.258244
3.7 -0.513622 0.312188
3.8 -0.482403 0.36355
3.9 -0.446048 0.411791
4 -0.404869 0.456396
4.1 -0.35923 0.496882
4.2 -0.309541 0.532805
4.3 -0.256261 0.56376
4.4 -0.199885 0.589386
4.5 -0.140946 0.609374
4.6 -0.0800088 0.623469
4.7 -0.017662 0.63147
4.8 0.045485 0.633236
4.9 0.108809 0.628687
5 0.171677 0.617806
5.1 0.233458 0.600639
5.2 0.293522 0.577293
5.3 0.351251 0.547941
5.4 0.406045 0.512816
5.5 0.457327 0.472211
5.6 0.504548 0.426478
5.7 0.547196 0.376024
5.8 0.584798 0.321304
5.9 0.616929 0.262824
6 0.643211 0.201131
6.1 0.663324 0.13681
6.2 0.677005 0.0704779
6.3 0.684053 0.00277741
6.4 0.684331 -0.0656279
6.5 0.677768 -0.134061
6.6 0.664362 -0.201838
6.7 0.644178 -0.268274
6.8 0.617351 -0.332692
6.9 0.584081 -0.394427
7 0.544639 -0.452835
7.1 0.499355 -0.507299
7.2 0.448625 -0.557234
7.3 0.392902 -0.602097
7.4 0.332692 -0.641387
7.5 0.268554 -0.674656
7.6 0.201088 -0.701512
7.7 0.130937 -0.72162
7.8 0.0587747 -0.734714
7.9 -0.0146967 -0.740592
8 -0.0887558 -0.739122
8.1 -0.162668 -0.730246
8.2 -0.235693 -0.71398
8.3 -0.307091 -0.69041
8.4 -0.376132 -0.659701
8.5 -0.442102 -0.622088
8.6 -0.504311 -0.577878
8.7 -0.562098 -0.527447
8.8 -0.614843 -0.471237
8.9 -0.661967 -0.409753
9 -0.702942 -0.343556
9.1 -0.737298 -0.273262
9.2 -0.764624 -0.199532
9.3 -0.784577 -0.12307
9.4 -0.796884 -0.044612
9.5 -0.801345 0.0350764
9.6 -0.797837 0.115211
9.7 -0.786316 0.194995
9.8 -0.766817 0.273626
9.9 -0.739454 0.350308
10 -0.704423 0.424253
10.1 -0.661998 0.494696
10.2 -0.612529 0.560896
10.3 -0.556439 0.622148
10.4 -0.494224 0.677792
10.5 -0.426445 0.727215
10.6 -0.353723 0.769859
10.7 -0.276738 0.805232
10.8 -0.196214 0.832905
10.9 -0.112924 0.852527
11 -0.0276711 0.863819
11.1 0.0587108 0.866586
11.2 0.145369 0.860715
11.3 0.231441 0.846178
11.4 0.316059 0.823034
11.5 0.398362 0.791428
11.6 0.477505 0.751592
11.7 0.552664 0.703842
11.8 0.623048 0.648575
11.9 0.687906 0.58627
12 0.746533 0.51748
12.1 0.798281 0.442826
12.2 0.842564 0.362998
12.3 0.878863 0.278742
12.4 0.906738 0.190856
12.5 0.925823 0.100182
12.6 0.935841 0.00759957
12.7 0.936601 -0.0859846
12.8 0.928003 -0.179645
12.9 0.910038 -0.272445
13 0.882794 -0.363449
13.1 0.846449 -0.451728
13.2 0.801276 -0.536373
13.3 0.747639 -0.616501
13.4 0.685989 -0.691265
13.5 0.616862 -0.759863
13.6 0.540876 -0.82155
13.7 0.458721 -0.875637
13.8 0.371157 -0.921509
13.9 0.279006 -0.958625
14 0.183144 -0.986526
14.1 0.0844912 -1.00484
14.2 -0.0159928 -1.01329
14.3 -0.117322 -1.01169
14.4 -0.218491 -0.999958
14.5 -0.318486 -0.978109
14.6 -0.416297 -0.94626
14.7 -0.510923 -0.90463
14.8 -0.601386 -0.853538
14.9 -0.68674 -0.793399
15 -0.76608 -0.724725
15.1 -0.838553 -0.648117
15.2 -0.903364 -0.564262
15.3 -0.959791 -0.473926
15.4 -1.00718 -0.377947
15.5 -1.04498 -0.277228
15.6 -1.0727 -0.17273
15.7 -1.08997 -0.0654604
15.8 -1.09652 0.043537
15.9 -1.09217 0.153189
16 -1.07685 0.262406
16.1 -1.05061 0.37009
16.2 -1.0136 0.475151
16.3 -0.966083 0.576511
16.4 -0.908431 0.673119
16.5 -0.84112 0.763962
16.6 -0.764723 0.848074
16.7 -0.679916 0.924546
16.8 -0.587461 0.992538
16.9 -0.488208 1.05128
17 -0.383079 1.1001
17.1 -0.273069 1.13841
17.2 -0.159227 1.16572
17.3 -0.0426554 1.18164
17.4 0.0755089 1.18591
17.5 0.1941 1.17836
17.6 0.311935 1.15895
17.7 0.42783 1.12775
17.8 0.540605 1.08497
17.9 0.649102 1.03091
18 0.752193 0.966
18.1 0.848793 0.89078
18.2 0.937871 0.805901
18.3 1.01846 0.712114
18.4 1.08967 0.610268
18.5 1.1507 0.5013
18.6 1.20083 0.38623
18.7 1.23945 0.266147
18.8 1.26607 0.142202
18.9 1.28029 0.0155954
19 1.28185 -0.112433
19.1 1.2706 -0.240618
19.2 1.24654 -0.367678
19.3 1.20977 -0.492333
19.4 1.16054 -0.61331
19.5 1.09921 -0.729364
19.6 1.02627 -0.839285
19.7 0.942345 -0.941913
19.8 0.848154 -1.03615
19.9 0.744539 -1.12096
20 0.632443 -1.19542
20.1 0.512901 -1.25866
20.2 0.387035 -1.30995
20.3 0.25604 -1.34865
20.4 0.121175 -1.37426
20.5 -0.0162512 -1.38638
20.6 -0.154889 -1.38475
20.7 -0.293364 -1.36926
20.8 -0.43029 -1.33993
20.9 -0.564283 -1.2969
21 -0.693972 -1.24047
21.1 -0.818019 -1.17107
21.2 -0.935126 -1.08927
21.3 -1.04405 -0.995756
21.4 -1.14363 -0.891351
21.5 -1.23276 -0.776988
21.6 -1.31046 -0.653712
21.7 -1.37583 -0.522666
21.8 -1.4281 -0.385082
21.9 -1.46661 -0.242272
22 -1.49084 -0.0956114
22.1 -1.5004 0.0534722
22.2 -1.49505 0.203512
22.3 -1.4747 0.353017
22.4 -1.4394 0.500487
22.5 -1.38935 0.644426
22.6 -1.32491 0.783361
22.7 -1.24657 0.915852
22.8 -1.15498 1.04051
22.9 -1.05093 1.15601
23 -0.935333 1.2611
23.1 -0.809223 1.35463
23.2 -0.673759 1.43556
23.3 -0.530204 1.50293
23.4 -0.37991 1.55595
23.5 -0.224315 1.59394
23.6 -0.0649209 1.61637
23.7 0.0967166 1.62287
23.8 0.259003 1.6132
23.9 0.420323 1.58729
24 0.579052 1.54526
24.1 0.733579 1.48736
24.2 0.882314 1.414
24.3 1.02371 1.32577
24.4 1.15629 1.2234
24.5 1.27863 1.10777
24.6 1.38941 0.979905
24.7 1.4874 0.840964
24.8 1.57149 0.692224
24.9 1.64072 0.535075
25 1.69422 0.371003
25.1 1.73132 0.20158
25.2 1.75148 0.028448
25.3 1.75433 -0.1467
25.4 1.73966 -0.322133
25.5 1.70744 -0.496099
25.6 1.65783 -0.666843
25.7 1.59115 -0.832627
25.8 1.50789 -0.991742
25.9 1.40871 -1.14253
26 1.29446 -1.2834
26.1 1.16612 -1.41285
26.2 1.02484 -1.52946
26.3 0.871889 -1.63194
26.4 0.708695 -1.71913
26.5 0.536782 -1.79
26.6 0.357781 -1.84368
26.7 0.173414 -1.87946
26.8 -0.0145323 -1.8968
26.9 -0.204212 -1.89535
27 -0.393747 -1.87492
27.1 -0.581239 -1.83555
27.2 -0.764794 -1.77743
27.3 -0.942537 -1.70095
27.4 -1.11263 -1.60669
27.5 -1.2733 -1.49543
27.6 -1.42284 -1.3681
27.7 -1.55965 -1.22582
27.8 -1.68224 -1.06985
27.9 -1.78922 -0.901626
28 -1.87938 -0.722704
28.1 -1.95165 -0.534766
28.2 -2.00513 -0.339601
28.3 -2.03909 -0.139088
28.4 -2.053 0.0648212
28.5 -2.04652 0.270121
28.6 -2.0195 0.474773
28.7 -1.97203 0.676723
28.8 -1.90436 0.873926
28.9 -1.81696 1.06436
29 -1.71053 1.24606
29.1 -1.58592 1.41711
29.2 -1.44421 1.5757
29.3 -1.28664 1.72012
29.4 -1.11463 1.84879
29.5 -0.929748 1.96025
29.6 -0.733723 2.05322
29.7 -0.528401 2.1266
29.8 -0.315741 2.17944
29.9 -0.0977973 2.21101
30 0.123304 2.22079
30.1 0.345383 2.20846
30.2 0.566229 2.17392
30.3 0.783621 2.1173
30.4 0.995351 2.03894
30.5 1.19924 1.9394
30.6 1.39319 1.81948
30.7 1.57513 1.68016
30.8 1.74315 1.52265
30.9 1.89541 1.34833
31 2.03025 1.15879
31.1 2.14613 0.955765
31.2 2.2417 0.741152
31.3 2.31582 0.516982
31.4 2.36752 0.285401
31.5 2.39606 0.048649
31.6 2.40092 -0.190957
31.7 2.38182 -0.431049
31.8 2.33872 -0.669231
31.9 2.2718 -0.903103
32 2.18149 -1.13028
32.1 2.06846 -1.34843
32.2 1.93362 -1.55528
32.3 1.77809 -1.74864
32.4 1.60322 -1.92645
32.5 1.41058 -2.08677
32.6 1.2019 -2.22783
32.7 0.979119 -2.34802
32.8 0.744317 -2.44593
32.9 0.499724 -2.52036
33 0.247688 -2.57033
33.1 -0.0093453 -2.5951
33.2 -0.268856 -2.59417
33.3 -0.528272 -2.56728
33.4 -0.785001 -2.51446
33.5 -1.03645 -2.43596
33.6 -1.28004 -2.33231
33.7 -1.51327 -2.20431
33.8 -1.7337 -2.05298
33.9 -1.939 -1.87961
34 -2.12696 -1.68571
34.1 -2.29553 -1.47301
34.2 -2.44283 -1.24346
34.3 -2.56718 -0.999176
34.4 -2.6671 -0.742458
34.5 -2.74134 -0.475748
34.6 -2.78892 -0.201614
34.7 -2.80908 0.0772782
34.8 -2.80135 0.358186
34.9 -2.76553 0.638321
35 -2.7017 0.914875
35.1 -2.61021 1.18504
35.2 -2.49171 1.44607
35.3 -2.3471 1.69524
35.4 -2.17758 1.92995
35.5 -1.98458 2.14771
35.6 -1.76981 2.34616
35.7 -1.5352 2.52315
35.8 -1.28288 2.67666
35.9 -1.01522 2.80495
36 -0.734721 2.90647
36.1 -0.444073 2.97995
36.2 -0.146079 3.02435
36.3 0.156357 3.03896
36.4 0.460253 3.02333
36.5 0.762585 2.9773
36.6 1.06032 2.90104
36.7 1.35042 2.79501
36.8 1.62992 2.65997
36.9 1.89592 2.49698
37 2.14562 2.30739
37.1 2.37635 2.09282
37.2 2.58564 1.85519
37.3 2.77116 1.59662
37.4 2.93082 1.31951
37.5 3.06277 1.02643
37.6 3.16541 0.72015
37.7 3.23743 0.403609
37.8 3.27779 0.0798666
37.9 3.28577 -0.247912
38 3.26098 -0.576489
38.1 3.20333 -0.902588
38.2 3.11308 -1.22292
38.3 2.99078 -1.53423
38.4 2.83736 -1.83331
38.5 2.65403 -2.11704
38.6 2.44233 -2.38245
38.7 2.20408 -2.62668
38.8 1.94141 -2.84709
38.9 1.6567 -3.04123
39 1.35258 -3.2069
39.1 1.03189 -3.34216
39.2 0.697676 -3.44535
39.3 0.353141 -3.51511
39.4 0.00162996 -3.55043
39.5 -0.353413 -3.55059
39.6 -0.708472 -3.51525
39.7 -1.06 -3.4444
39.8 -1.40444 -3.3384
39.9 -1.73828 -3.19796
40 -2.05807 -3.02413
40.1 -2.36049 -2.81832
40.2 -2.64232 -2.58227
40.3 -2.90055 -2.31804
40.4 -3.13235 -2.02799
40.5 -3.33515 -1.71475
40.6 -3.50662 -1.38124
40.7 -3.64475 -1.03058
40.8 -3.74781 -0.666101
40.9 -3.81442 -0.291321
41 -3.84355 0.0901209
41.1 -3.83454 0.474476
41.2 -3.78709 0.857929
41.3 -3.7013 1.23664
41.4 -3.57763 1.60677
41.5 -3.41695 1.96453
41.6 -3.2205 2.30623
41.7 -2.98988 2.62828
41.8 -2.72705 2.92726
41.9 -2.43432 3.19997
42 -2.11433 3.4434
42.1 -1.76999 3.65483
42.2 -1.4045 3.83183
42.3 -1.02132 3.97228
42.4 -0.624093 4.07442
42.5 -0.216651 4.13683
42.6 0.197032 4.15849
42.7 0.612881 4.13879
42.8 1.02676 4.0775
42.9 1.43451 3.97482
43 1.83199 3.83137
43.1 2.21513 3.64817
43.2 2.57995 3.42666
43.3 2.92261 3.16867
43.4 3.23948 2.8764
43.5 3.52712 2.55246
43.6 3.78236 2.19974
43.7 4.00234 1.82151
43.8 4.18449 1.42127
43.9 4.32662 1.00283
44 4.4269 0.570164
44.1 4.48392 0.127474
44.2 4.49666 -0.320918
44.3 4.46457 -0.770584
44.4 4.38751 -1.21704
44.5 4.26581 -1.65579
44.6 4.10023 -2.08237
44.7 3.89199 -2.4924
44.8 3.64275 -2.8816
44.9 3.35459 -3.24587
45 3.03001 -3.58133
45.1 2.67187 -3.88433
45.2 2.28344 -4.15152
45.3 1.86829 -4.37986
45.4 1.4303 -4.56669
45.5 0.973633 -4.70972
45.6 0.50266 -4.80708
45.7 0.0219519 -4.85735
45.8 -0.463783 -4.85955
45.9 -0.949738 -4.81317
46 -1.43105 -4.71819
46.1 -1.90287 -4.57509
46.2 -2.36038 -4.3848
46.3 -2.79886 -4.14876
46.4 -3.21374 -3.86888
46.5 -3.60063 -3.5475
46.6 -3.95538 -3.18744
46.7 -4.27412 -2.7919
46.8 -4.55331 -2.36449
46.9 -4.78976 -1.90916
47 -4.98068 -1.43018
47.1 -5.12369 -0.932115
47.2 -5.21691 -0.419746
47.3 -5.25888 0.101945
47.4 -5.24869 0.627833
47.5 -5.1859 1.1527
47.6 -5.07063 1.67129
47.7 -4.9035 2.17835
47.8 -4.68567 2.66871
47.9 -4.4188 3.13727
48 -4.10507 3.57915
48.1 -3.74716 3.98966
48.2 -3.34819 4.36437
48.3 -2.91175 4.69919
48.4 -2.44183 4.99037
48.5 -1.9428 5.23455
48.6 -1.41934 5.42883
48.7 -0.876457 5.57077
48.8 -0.319381 5.65841
48.9 0.24646 5.69035
49 0.815495 5.6657
49.1 1.38207 5.58415
49.2 1.94048 5.44595
49.3 2.48508 5.2519
49.4 3.01027 5.00339
49.5 3.5106 4.70236
49.6 3.98084 4.3513
49.7 4.41597 3.95322
49.8 4.81129 3.51162
49.9 5.16246 3.03049
50 5.46551 2.51425
50.1 5.71693 1.9677
50.2 5.9137 1.396
50.3 6.0533 0.804635
50.4 6.13376 0.199305
50.5 6.15369 -0.414072
50.6 6.11229 -1.02944
50.7 6.00934 -1.64067
50.8 5.84528 -2.2416
50.9 5.62112 -2.82613
51 5.3385 -3.38824
51.1 4.99968 -3.92209
51.2 4.60747 -4.42206
51.3 4.16526 -4.88281
51.4 3.67698 -5.29933
51.5 3.14705 -5.66703
51.6 2.58034 -5.98174
51.7 1.98217 -6.23977
51.8 1.35819 -6.43799
51.9 0.714395 -6.57381
52 0.0570142 -6.64525
52.1 -0.607511 -6.65095
52.2 -1.27261 -6.5902
52.3 -1.93163 -6.46294
52.4 -2.57792 -6.26978
52.5 -3.2049 -6.01198
52.6 -3.8061 -5.69149
52.7 -4.37524 -5.31088
52.8 -4.90633 -4.87336
52.9 -5.39367 -4.38273
53 -5.83194 -3.84336
53.1 -6.21628 -3.26017
53.2 -6.54229 -2.63854
53.3 -6.80615 -1.98431
53.4 -7.00458 -1.30369
53.5 -7.13495 -0.603236
53.6 -7.19527 0.110259
53.7 -7.18425 0.829786
53.8 -7.10127 1.54821
53.9 -6.94645 2.25834
54 -6.72061 2.95298
54.1 -6.42531 3.62504
54.2 -6.06281 4.26757
54.3 -5.63605 4.87386
54.4 -5.14867 5.43746
54.5 -4.60492 5.95233
54.6 -4.00969 6.41282
54.7 -3.36841 6.81379
54.8 -2.68703 7.15063
54.9 -1.97196 7.41933
55 -1.23003 7.61653
55.1 -0.468378 7.73953
55.2 0.305575 7.78637
55.3 1.08421 7.75581
55.4 1.85979 7.64739
55.5 2.62453 7.46141
55.6 3.37067 7.19896
55.7 4.09057 6.86189
55.8 4.77676 6.45283
55.9 5.42204 5.97516
56 6.01956 5.43295
56.1 6.56285 4.831
56.2 7.04595 4.17471
56.3 7.46342 3.47012
56.4 7.81044 2.72378
56.5 8.08281 1.94273
56.6 8.27709 1.13445
56.7 8.39053 0.306742
56.8 8.42121 -0.532311
56.9 8.36797 -1.37443
57 8.23053 -2.21123
57.1 8.00941 -3.03428
57.2 7.70598 -3.83522
57.3 7.32246 -4.60582
57.4 6.86188 -5.33807
57.5 6.32807 -6.02425
57.6 5.72564 -6.65706
57.7 5.05994 -7.22963
57.8 4.33697 -7.73562
57.9 3.56341 -8.16932
58 2.74648 -8.52566
58.1 1.89391 -8.80031
58.2 1.01388 -8.9897
58.3 0.114915 -9.09109
58.4 -0.794194 -9.10258
58.5 -1.70445 -9.02316
58.6 -2.60677 -8.85271
58.7 -3.49204 -8.59204
58.8 -4.35124 -8.24283
58.9 -5.17553 -7.80771
59 -5.9563 -7.29016
59.1 -6.68531 -6.69453
59.2 -7.35476 -6.02599
59.3 -7.95736 -5.29052
59.4 -8.48642 -4.49478
59.5 -8.93589 -3.64614
59.6 -9.30051 -2.75255
59.7 -9.57576 -1.8225
59.8 -9.75801 -0.864924
59.9 -9.84451 0.110878
60 -9.83342 1.09533
60.1 -9.72388 2.07867
60.2 -9.51602 3.05106
60.3 -9.21091 4.00266
60.4 -8.81065 4.92375
60.5 -8.31827 5.80482
60.6 -7.73779 6.63664
60.7 -7.07412 7.41042
60.8 -6.33308 8.11783
60.9 -5.5213 8.75114
61 -4.64619 9.30327
61.1 -3.71586 9.76789
61.2 -2.73907 10.1395
61.3 -1.72512 10.4134
61.4 -0.683782 10.5859
61.5 0.374807 10.6543
61.6 1.44023 10.6168
61.7 2.50191 10.4728
61.8 3.54919 10.2226
61.9 4.57145 9.86766
62 5.55821 9.41051
62.1 6.49927 8.85469
62.2 7.38474 8.20477
62.3 8.20521 7.46629
62.4 8.95184 6.64577
62.5 9.61642 5.75059
62.6 10.1915 4.78895
62.7 10.6704 3.7698
62.8 11.0474 2.70276
62.9 11.3176 1.59803
63 11.4774 0.466263
63.1 11.5241 -0.68148
63.2 11.4559 -1.83389
63.3 11.2725 -2.97948
63.4 10.9746 -4.10673
63.5 10.5639 -5.20419
63.6 10.0435 -6.26058
63.7 9.41742 -7.26492
63.8 8.69093 -8.20667
63.9 7.87026 -9.07576
64 6.96269 -9.86279
64.1 5.97641 -10.5591
64.2 4.9205 -11.1567
64.3 3.80483 -11.6487
64.4 2.63996 -12.0292
64.5 1.43704 -12.2932
64.6 0.207715 -12.4369
64.7 -1.03598 -12.4577
64.8 -2.28175 -12.3541
64.9 -3.51716 -12.1259
65 -4.72975 -11.7742
65.1 -5.90717 -11.3012
65.2 -7.0373 -10.7105
65.3 -8.10835 -10.0068
65.4 -9.10903 -9.19596
65.5 -10.0286 -8.28505
65.6 -10.8571 -7.28219
65.7 -11.5853 -6.19648
65.8 -12.205 -5.03794
65.9 -12.7088 -3.81744
66 -13.0905 -2.54656
66.1 -13.3452 -1.23751
66.2 -13.4689 0.097008
66.3 -13.4592 1.4439
66.4 -13.3149 2.78983
66.5 -13.0359 4.12131
66.6 -12.6237 5.4249
66.7 -12.0812 6.68727
66.8 -11.4125 7.8954
66.9 -10.623 9.03665
67 -9.71932 10.0989
67.1 -8.70942 11.0709
67.2 -7.60233 11.9418
67.3 -6.40815 12.7021
67.4 -5.13795 13.3429
67.5 -3.80366 13.8567
67.6 -2.41799 14.237
67.7 -0.994289 14.4788
67.8 0.453593 14.5783
67.9 1.91142 14.5329
68 3.36471 14.3418
68.1 4.79888 14.0053
68.2 6.19941 13.5254
68.3 7.55195 12.9055
68.4 8.8425 12.1503
68.5 10.0575 11.266
68.6 11.1841 10.2603
68.7 12.2102 9.14185
68.8 13.1243 7.92083
68.9 13.9164 6.6084
69 14.5773 5.21675
69.1 15.0989 3.75903
69.2 15.4748 2.24914
69.3 15.6997 0.701652
69.4 15.7699 -0.868323
69.5 15.6831 -2.44531
69.6 15.4386 -4.01362
69.7 15.0372 -5.55748
69.8 14.4814 -7.0612
69.9 13.7753 -8.50934
70 12.9244 -9.88687
70.1 11.9357 -11.1793
70.2 10.8178 -12.3729
70.3 9.58048 -13.4547
70.4 8.23501 -14.4127
70.5 6.79374 -15.2362
70.6 5.27012 -15.9156
70.7 3.67857 -16.4426
70.8 2.03431 -16.8105
70.9 0.35326 -17.0139
71 -1.34813 -17.0492
71.1 -3.05305 -16.9144
71.2 -4.74449 -16.6091
71.3 -6.4054 -16.1346
71.4 -8.01886 -15.4941
71.5 -9.56827 -14.6922
71.6 -11.0375 -13.7354
71.7 -12.411 -12.6316
71.8 -13.6742 -11.3905
71.9 -14.8132 -10.0231
72 -15.8156 -8.54179
72.1 -16.6697 -6.96024
72.2 -17.3658 -5.29326
72.3 -17.8951 -3.55669
72.4 -18.2508 -1.76718
72.5 -18.4275 0.0578998
72.6 -18.4217 1.90065
72.7 -18.2316 3.74282
72.8 -17.8573 5.56598
72.9 -17.3007 7.35171
73 -16.5656 9.08179
73.1 -15.6574 10.7383
73.2 -14.5836 12.3041
73.3 -13.3531 13.7624
73.4 -11.9769 15.0978
73.5 -10.4671 16.2954
73.6 -8.83759 17.3422
73.7 -7.10337 18.2259
73.8 -5.28078 18.9363
73.9 -3.38715 19.4643
74 -1.44072 19.803
74.1 0.539584 19.9471
74.2 2.5343 19.8932
74.3 4.52361 19.6397
74.4 6.48758 19.1874
74.5 8.40632 18.5386
74.6 10.2602 17.698
74.7 12.03 16.672
74.8 13.6972 15.469
74.9 15.2441 14.0992
75 16.654 12.5748
75.1 17.9115 10.9094
75.2 19.0024 9.11829
75.3 19.9143 7.21805
75.4 20.6361 5.22662
75.5 21.1587 3.16302
75.6 21.475 1.04714
75.7 21.5797 -1.10036
75.8 21.4697 -3.25833
75.9 21.1439 -5.4053
76 20.6033 -7.51969
76.1 19.8514 -9.58002
76.2 18.8934 -11.5652
76.3 17.7368 -13.4545
76.4 16.3914 -15.2282
76.5 14.8686 -16.8673
76.6 13.1818 -18.3542
76.7 11.3464 -19.6724
76.8 9.3792 -20.807
76.9 7.29849 -21.7449
77 5.124 -22.4748
77.1 2.87652 -22.9872
77.2 0.577807 -23.2748
77.3 -1.74968 -23.3326
77.4 -4.08294 -23.1576
77.5 -6.3987 -22.7493
77.6 -8.67364 -22.1095
77.7 -10.8846 -21.2421
77.8 -13.0088 -20.1537
77.9 -15.0242 -18.8528
78 -16.9094 -17.3504
78.1 -18.6445 -15.6594
78.2 -20.2104 -13.795
78.3 -21.5899 -11.7739
78.4 -22.7673 -9.61494
78.5 -23.7288 -7.33821
78.6 -24.4626 -4.96533
78.7 -24.9592 -2.51906
78.8 -25.2111 -0.0231482
78.9 -25.2134 2.49796
79 -24.9636 5.0193
79.1 -24.4616 7.51565
79.2 -23.7101 9.96182
79.3 -22.7139 12.3328
79.4 -21.4806 14.6042
79.5 -20.0202 16.7523
79.6 -18.345 18.7543
79.7 -16.4695 20.5888
79.8 -14.4107 22.2357
79.9 -12.1871 23.6768
80 -9.8194 24.8955
80.1 -7.32985 25.8775
80.2 -4.74211 26.6104
80.3 -2.08106 27.0847
80.4 0.627406 27.2928
80.5 3.35668 27.23
80.6 6.07968 26.8944
80.7 8.76912 26.2864
80.8 11.3978 25.4095
80.9 13.9387 24.2697
81 16.3657 22.8758
81.1 18.6533 21.2393
81.2 20.7772 19.3739
81.3 22.7146 17.2962
81.4 24.4442 15.0248
81.5 25.9467 12.5803
81.6 27.2047 9.98567
81.7 28.2033 7.2652
81.8 28.9298 4.44487
81.9 29.3743 1.55189
82 29.5295 -1.38554
82.1 29.3909 -4.33848
82.2 28.9571 -7.27758
82.3 28.2293 -10.1733
82.4 27.212 -12.9962
82.5 25.9124 -15.7174
82.6 24.3406 -18.3086
82.7 22.5098 -20.7427
82.8 20.4355 -22.9937
82.9 18.1361 -25.0372
83 15.6324 -26.8508
83.1 12.9473 -28.4141
83.2 10.1059 -29.7088
83.3 7.13502 -30.7194
83.4 4.06308 -31.4329
83.5 0.919788 -31.8392
83.6 -2.26413 -31.9312
83.7 -5.45725 -31.7048
83.8 -8.62773 -31.1591
83.9 -11.7436 -30.2963
84 -14.7733 -29.1219
84.1 -17.6855 -27.6446
84.2 -20.4499 -25.876
84.3 -23.0375 -23.8311
84.4 -25.4206 -21.5273
84.5 -27.5734 -18.9852
84.6 -29.4719 -16.2279
84.7 -31.0947 -13.2807
84.8 -32.4227 -10.1713
84.9 -33.4399 -6.92898
85 -34.1328 -3.58499
85.1 -34.4913 -0.171712
85.2 -34.5084 3.27741
85.3 -34.1807 6.72826
85.4 -33.5079 10.1463
85.5 -32.4932 13.4971
85.6 -31.1435 16.7464
85.7 -29.4689 19.8608
85.8 -27.4828 22.8077
85.9 -25.202 25.556
86 -22.6464 28.0762
86.1 -19.8388 30.3408
86.2 -16.8047 32.3247
86.3 -13.5723 34.0052
86.4 -10.1718 35.3624
86.5 -6.63552 36.3796
86.6 -2.99756 37.0431
86.7 0.706751 37.3429
86.8 4.44104 37.2722
86.9 8.16826 36.8281
87 11.8511 36.0113
87.1 15.4522 34.8262
87.2 18.9348 33.2809
87.3 22.2629 31.3875
87.4 25.4017 29.1612
87.5 28.3178 26.621
87.6 30.9799 23.7892
87.7 33.3588 20.6912
87.8 35.4279 17.3554
87.9 37.1635 13.8126
88 38.5447 10.0962
88.1 39.5543 6.24176
88.2 40.1785 2.28632
88.3 40.4071 -1.73153
88.4 40.234 -5.77224
88.5 39.6568 -9.79564
88.6 38.6772 -13.7613
88.7 37.3011 -17.629
88.8 35.5382 -21.3591
88.9 33.4023 -24.913
89 30.911 -28.2532
89.1 28.0856 -31.3443
89.2 24.9512 -34.1528
89.3 21.5359 -36.648
89.4 17.8711 -38.8016
89.5 13.991 -40.5887
89.6 9.9321 -41.9878
89.7 5.73333 -42.981
89.8 1.43523 -43.5543
89.9 -2.9202 -43.6978
90 -7.28999 -43.4058
90.1 -11.6306 -42.6768
90.2 -15.8982 -41.5138
90.3 -20.0496 -39.9239
90.4 -24.042 -37.919
90.5 -27.8339 -35.5148
90.6 -31.3854 -32.7314
90.7 -34.6585 -29.5928
90.8 -37.6178 -26.127
90.9 -40.2305 -22.3652
91 -42.467 -18.3422
91.1 -44.3012 -14.0954
91.2 -45.7108 -9.66532
91.3 -46.6773 -5.09425
91.4 -47.1868 -0.426513
91.5 -47.2294 4.29216
91.6 -46.8002 9.0151
91.7 -45.8987 13.6951
91.8 -44.5292 18.285
91.9 -42.7007 22.7379
92 -40.4269 27.008
92.1 -37.7261 31.0507
92.2 -34.621 34.8233
92.3 -31.1387 38.2854
92.4 -27.3101 41.3992
92.5 -23.1702 44.1303
92.6 -18.7572 46.4473
92.7 -14.1125 48.323
92.8 -9.28017 49.7342
92.9 -4.30675 50.6623
93 0.759478 51.0929
93.1 5.86877 51.017
93.2 10.9705 50.4301
93.3 16.0135 49.3331
93.4 20.9468 47.7317
93.5 25.72 45.637
93.6 30.2837 43.065
93.7 34.5902 40.0367
93.8 38.5938 36.5777
93.9 42.2516 32.7183
94 45.5234 28.4931
94.1 48.3727 23.9408
94.2 50.7668 19.1035
94.3 52.6772 14.0268
94.4 54.0798 8.7591
94.5 54.9558 3.35111
94.6 55.2909 -2.14446
94.7 55.0764 -7.67355
94.8 54.3091 -13.1812
94.9 52.9909 -18.6121
95 51.1297 -23.9112
95.1 48.7386 -29.0242
95.2 45.8362 -33.898
95.3 42.4464 -38.4816
95.4 38.5982 -42.7263
95.5 34.3256 -46.5861
95.6 29.667 -50.0187
95.7 24.6651 -52.9854
95.8 19.3666 -55.4519
95.9 13.8214 -57.3885
96 8.08255 -58.7707
96.1 2.20548 -59.5789
96.2 -3.75241 -59.7995
96.3 -9.73236 -59.4242
96.4 -15.6748 -58.451
96.5 -21.5199 -56.8835
96.6 -27.2082 -54.7315
96.7 -32.6814 -52.0107
96.8 -37.8825 -48.7426
96.9 -42.7567 -44.9543
97 -47.2522 -40.6787
97.1 -51.32 -35.9534
97.2 -54.9154 -30.8214
97.3 -57.9975 -25.3299
97.4 -60.5305 -19.5302
97.5 -62.4835 -13.4771
97.6 -63.8312 -7.22875
97.7 -64.5541 -0.845628
97.8 -64.6387 5.60978
97.9 -64.0777 12.0736
98 -62.8703 18.4814
98.1 -61.0222 24.7684
98.2 -58.5453 30.8707
98.3 -55.4583 36.7252
98.4 -51.7857 42.271
98.5 -47.5586 47.4496
98.6 -42.8137 52.2055
98.7 -37.5931 56.4868
98.8 -31.9445 60.2461
98.9 -25.9198 63.4406
99 -19.5758 66.0326
99.1 -12.9725 67.9902
99.2 -6.17351 69.2874
99.3 0.755234 69.9048
99.4 7.74571 69.8292
99.5 14.7286 69.0547
99.6 21.6341 67.5818
99.7 28.3923 65.4184
99.8 34.9341 62.5792
99.9 41.192 59.0858
100 47.1006 54.9665
