0.1 0.497506 -0.0498753
0.2 0.49005 -0.0992531
0.3 0.477705 -0.147641
0.4 0.460595 -0.194556
0.5 0.438891 -0.23953
0.6 0.412809 -0.282115
0.7 0.382609 -0.321886
0.8 0.348592 -0.358446
0.9 0.311098 -0.391431
1 0.270501 -0.420511
1.1 0.227206 -0.445396
1.2 0.181644 -0.465838
1.3 0.13427 -0.481634
1.4 0.0855575 -0.492626
1.5 0.0359911 -0.498703
1.6 -0.0139344 -0.499806
1.7 -0.0637208 -0.495923
1.8 -0.112872 -0.487093
1.9 -0.160897 -0.473405
2 -0.207317 -0.454994
2.1 -0.251668 -0.432045
2.2 -0.29351 -0.404786
2.3 -0.332424 -0.373489
2.4 -0.368022 -0.338467
2.5 -0.399948 -0.300069
2.6 -0.427886 -0.258677
2.7 -0.451555 -0.214705
2.8 -0.47072 -0.168591
2.9 -0.485189 -0.120796
3 -0.494819 -0.0717954
3.1 -0.499512 -0.0220789
3.2 -0.499223 0.0278579
3.3 -0.493955 0.0775168
3.4 -0.483759 0.126402
3.5 -0.468737 0.174027
3.6 -0.44904 0.219916
3.7 -0.424864 0.263611
3.8 -0.396449 0.304677
3.9 -0.36408 0.342703
4 -0.328079 0.377311
4.1 -0.288806 0.408156
4.2 -0.246652 0.434929
4.3 -0.202037 0.457363
4.4 -0.155407 0.475235
4.5 -0.107227 0.488367
4.6 -0.0579776 0.496627
4.7 -0.00814954 0.499934
4.8 0.0417598 0.498253
4.9 0.0912526 0.491602
5 0.139835 0.480048
5.1 0.187023 0.463705
5.2 0.232345 0.442737
5.3 0.275349 0.417352
5.4 0.315607 0.387804
5.5 0.352717 0.354388
5.6 0.386308 0.317437
5.7 0.416046 0.277319
5.8 0.441633 0.234435
5.9 0.462816 0.189213
6 0.479382 0.142103
6.1 0.491166 0.0935755
6.2 0.49805 0.0441147
6.3 0.499967 -0.00578614
6.4 0.496896 -0.0556293
6.5 0.488868 -0.104917
6.6 0.475965 -0.153159
6.7 0.458313 -0.199873
6.8 0.43609 -0.244593
6.9 0.409516 -0.286873
7 0.378858 -0.326292
7.1 0.344421 -0.362456
7.2 0.306548 -0.395004
7.3 0.265617 -0.423613
7.4 0.222036 -0.447995
7.5 0.176241 -0.467909
7.6 0.128688 -0.483156
7.7 0.079851 -0.493583
7.8 0.0302175 -0.499086
7.9 -0.0197173 -0.499611
8 -0.0694555 -0.495152
8.1 -0.118501 -0.485755
8.2 -0.166364 -0.471511
8.3 -0.212568 -0.452565
8.4 -0.256651 -0.429104
8.5 -0.298175 -0.401362
8.6 -0.336724 -0.369618
8.7 -0.371914 -0.334186
8.8 -0.403394 -0.29542
8.9 -0.430851 -0.253708
9 -0.454009 -0.209465
9.1 -0.472639 -0.163133
9.2 -0.486554 -0.115173
9.3 -0.495616 -0.0660644
9.4 -0.499734 -0.0162969
9.5 -0.498868 0.0336332
9.6 -0.493024 0.0832278
9.7 -0.482263 0.131992
9.8 -0.466692 0.17944
9.9 -0.446465 0.225098
10 -0.421785 0.26851
10.1 -0.392897 0.309244
10.2 -0.36009 0.346894
10.3 -0.323691 0.381083
10.4 -0.284063 0.41147
10.5 -0.241602 0.437754
10.6 -0.196731 0.45967
10.7 -0.149897 0.477002
10.8 -0.101569 0.489575
10.9 -0.0522266 0.497265
11 -0.00236362 0.499994
11.1 0.0475229 0.497736
11.2 0.0969354 0.490514
11.3 0.145381 0.478398
11.4 0.192376 0.46151
11.5 0.237453 0.440018
11.6 0.280161 0.414138
11.7 0.320074 0.384126
11.8 0.356794 0.350283
11.9 0.389956 0.312945
12 0.419227 0.272486
12.1 0.444317 0.229309
12.2 0.464975 0.183844
12.3 0.480994 0.136546
12.4 0.492216 0.0878853
12.5 0.498527 0.0383482
12.6 0.499866 -0.0115715
12.7 0.496219 -0.0613757
12.8 0.487622 -0.110568
12.9 0.47416 -0.158657
13 0.455969 -0.205163
13.1 0.43323 -0.249623
13.2 0.406169 -0.291593
13.3 0.375057 -0.330655
13.4 0.340203 -0.366418
13.5 0.301956 -0.398525
13.6 0.260697 -0.426658
13.7 0.216837 -0.450535
13.8 0.170815 -0.469917
13.9 0.123088 -0.484613
14 0.0741337 -0.494474
14.1 0.0244399 -0.499402
14.2 -0.0254976 -0.499349
14.3 -0.0751809 -0.494316
14.4 -0.124114 -0.484351
14.5 -0.171809 -0.469555
14.6 -0.217791 -0.450075
14.7 -0.2616 -0.426105
14.8 -0.302799 -0.397885
14.9 -0.340978 -0.365696
15 -0.375756 -0.329859
15.1 -0.406786 -0.290732
15.2 -0.433758 -0.248705
15.3 -0.456403 -0.204197
15.4 -0.474495 -0.157652
15.5 -0.487855 -0.109535
15.6 -0.496348 -0.0603246
15.7 -0.499889 -0.0105128
15.8 -0.498445 0.039404
15.9 -0.492028 0.0889276
16 -0.480704 0.137564
16.1 -0.464584 0.184829
16.2 -0.44383 0.230249
16.3 -0.418649 0.273373
16.4 -0.389292 0.31377
16.5 -0.356051 0.351038
16.6 -0.319259 0.384803
16.7 -0.279283 0.41473
16.8 -0.23652 0.44052
16.9 -0.191398 0.461916
17 -0.144367 0.478705
17.1 -0.0958963 0.490718
17.2 -0.0464686 0.497836
17.3 0.00342261 0.499988
17.4 0.0532797 0.497153
17.5 0.102605 0.489359
17.6 0.150907 0.476683
17.7 0.197704 0.459253
17.8 0.242529 0.437241
17.9 0.284934 0.410868
18 0.324498 0.380396
18.1 0.360824 0.34613
18.2 0.393551 0.308411
18.3 0.422352 0.267616
18.4 0.446941 0.224152
18.5 0.467071 0.178451
18.6 0.482542 0.13097
18.7 0.4932 0.0821834
18.8 0.498938 0.0325765
18.9 0.499699 -0.0173553
19 0.495475 -0.067114
19.1 0.486309 -0.116203
19.2 0.472293 -0.164133
19.3 0.453565 -0.210426
19.4 0.430312 -0.25462
19.5 0.402768 -0.296274
19.6 0.371205 -0.334973
19.7 0.33594 -0.37033
19.8 0.297324 -0.401993
19.9 0.255742 -0.429646
20 0.211609 -0.453014
20.1 0.165365 -0.471863
20.2 0.117472 -0.486005
20.3 0.0684066 -0.495298
20.4 0.0186591 -0.499652
20.5 -0.0312745 -0.499021
20.6 -0.0808962 -0.493412
20.7 -0.129711 -0.482882
20.8 -0.177232 -0.467535
20.9 -0.222985 -0.447524
21 -0.266513 -0.423049
21.1 -0.307384 -0.394354
21.2 -0.345188 -0.361726
21.3 -0.379548 -0.325489
21.4 -0.410123 -0.286005
21.5 -0.436607 -0.243669
21.6 -0.458735 -0.198902
21.7 -0.476288 -0.152151
21.8 -0.48909 -0.103882
21.9 -0.497012 -0.0545767
22 -0.499978 -0.00472719
22.1 -0.497956 0.0451695
22.2 -0.490966 0.0946156
22.3 -0.47908 0.143118
22.4 -0.462414 0.190193
22.5 -0.441136 0.23537
22.6 -0.415457 0.2782
22.7 -0.385635 0.318254
22.8 -0.351965 0.355134
22.9 -0.314785 0.388472
23 -0.274465 0.417934
23.1 -0.231407 0.443228
23.2 -0.18604 0.4641
23.3 -0.138818 0.480343
23.4 -0.0902111 0.491795
23.5 -0.0407044 0.49834
23.6 0.00920839 0.499915
23.7 0.0590293 0.496503
23.8 0.108261 0.488139
23.9 0.156414 0.474905
24 0.203006 0.456934
24.1 0.247573 0.434405
24.2 0.28967 0.407543
24.3 0.328878 0.376616
24.4 0.364805 0.341931
24.5 0.397094 0.303837
24.6 0.425421 0.262711
24.7 0.449505 0.218965
24.8 0.469105 0.173034
24.9 0.484025 0.125378
25 0.494118 0.0764704
25.1 0.499281 0.0268005
25.2 0.499464 -0.0231368
25.3 0.494665 -0.0728433
25.4 0.484932 -0.121823
25.5 0.470362 -0.169588
25.6 0.451099 -0.215661
25.7 0.427337 -0.259583
25.8 0.399312 -0.300915
25.9 0.367304 -0.339246
26 0.331632 -0.374193
26.1 0.292652 -0.405407
26.2 0.250753 -0.432577
26.3 0.206352 -0.455432
26.4 0.159894 -0.473745
26.5 0.11184 -0.487331
26.6 0.0626703 -0.496057
26.7 0.0128757 -0.499834
26.8 -0.0370473 -0.498626
26.9 -0.0866007 -0.492443
27 -0.13529 -0.481349
27.1 -0.18263 -0.465453
27.2 -0.228149 -0.444914
27.3 -0.271391 -0.419937
27.4 -0.311927 -0.390771
27.5 -0.34935 -0.357707
27.6 -0.38329 -0.321075
27.7 -0.413405 -0.28124
27.8 -0.439397 -0.2386
27.9 -0.461006 -0.19358
28 -0.478017 -0.146629
28.1 -0.490259 -0.098215
28.2 -0.497611 -0.0488215
28.3 -0.499999 0.00105901
28.4 -0.497399 0.0509289
28.5 -0.489838 0.100291
28.6 -0.477391 0.148652
28.7 -0.460182 0.195531
28.8 -0.438383 0.240459
28.9 -0.41221 0.282989
29 -0.381926 0.322696
29.1 -0.347832 0.359184
29.2 -0.310268 0.392089
29.3 -0.26961 0.421083
29.4 -0.226262 0.445876
29.5 -0.180657 0.466222
29.6 -0.13325 0.481917
29.7 -0.0845139 0.492806
29.8 -0.0349347 0.498778
29.9 0.0149929 0.499775
30 0.064771 0.495787
30.1 0.113903 0.486853
30.2 0.161899 0.473063
30.3 0.20828 0.454554
30.4 0.252583 0.431511
30.5 0.294367 0.404164
30.6 0.333214 0.372785
30.7 0.368738 0.337687
30.8 0.400583 0.299221
30.9 0.428433 0.25777
31 0.452009 0.213748
31.1 0.471076 0.167594
31.2 0.485444 0.119768
31.3 0.49497 0.0707472
31.4 0.499558 0.0210209
31.5 0.499163 -0.0289152
31.6 0.493789 -0.0785628
31.7 0.48349 -0.127427
31.8 0.468368 -0.17502
31.9 0.448573 -0.220867
32 0.424304 -0.264511
32.1 0.395803 -0.305516
32.2 0.363354 -0.343474
32.3 0.32728 -0.378005
32.4 0.287941 -0.408766
32.5 0.24573 -0.43545
32.6 0.201068 -0.45779
32.7 0.1544 -0.475563
32.8 0.106193 -0.488593
32.9 0.0569256 -0.496749
33 0.00709065 -0.49995
33.1 -0.042815 -0.498164
33.2 -0.0922936 -0.491408
33.3 -0.140852 -0.479751
33.4 -0.188004 -0.463308
33.5 -0.233282 -0.442244
33.6 -0.276233 -0.416768
33.7 -0.316428 -0.387135
33.8 -0.353467 -0.35364
33.9 -0.386979 -0.316618
34 -0.416632 -0.276437
34.1 -0.442129 -0.233499
34.2 -0.463216 -0.188232
34.3 -0.479682 -0.141087
34.4 -0.491363 -0.092535
34.5 -0.498142 -0.0430597
34.6 -0.499953 0.00684507
34.7 -0.496777 0.0566816
34.8 -0.488645 0.105953
34.9 -0.475639 0.154167
35 -0.457889 0.200843
35.1 -0.435571 0.245516
35.2 -0.408908 0.28774
35.3 -0.378166 0.327094
35.4 -0.343652 0.363185
35.5 -0.30571 0.395653
35.6 -0.264719 0.424174
35.7 -0.221087 0.448465
35.8 -0.17525 0.468281
35.9 -0.127664 0.483427
36 -0.0788054 0.493751
36.1 -0.0291604 0.499149
36.2 0.0207755 0.499568
36.3 0.0705041 0.495004
36.4 0.119529 0.485503
36.5 0.167362 0.471158
36.6 0.213526 0.452114
36.7 0.25756 0.428559
36.8 0.299024 0.40073
36.9 0.337506 0.368904
37 0.372621 0.333397
37.1 0.404019 0.294565
37.2 0.431387 0.252795
37.3 0.454452 0.208503
37.4 0.472984 0.162131
37.5 0.486797 0.114142
37.6 0.495755 0.0650146
37.7 0.499768 0.0152384
37.8 0.498795 -0.0346897
37.9 0.492847 -0.0842718
38 0.481983 -0.133013
38.1 0.466311 -0.180428
38.2 0.445987 -0.226043
38.3 0.421215 -0.269403
38.4 0.392241 -0.310076
38.5 0.359354 -0.347656
38.6 0.322883 -0.381767
38.7 0.283191 -0.412071
38.8 0.240675 -0.438264
38.9 0.195757 -0.460086
39 0.148887 -0.477318
39.1 0.100531 -0.489789
39.2 0.0511733 -0.497374
39.3 0.00130462 -0.499998
39.4 -0.048577 -0.497635
39.5 -0.0979741 -0.490307
39.6 -0.146394 -0.478089
39.7 -0.193353 -0.461101
39.8 -0.238384 -0.439514
39.9 -0.281037 -0.413543
40 -0.320887 -0.383447
40.1 -0.357535 -0.349526
40.2 -0.390618 -0.312118
40.3 -0.419803 -0.271597
40.4 -0.444802 -0.228367
40.5 -0.465363 -0.182859
40.6 -0.481282 -0.135527
40.7 -0.492401 -0.0868426
40.8 -0.498607 -0.0372922
40.9 -0.49984 0.0126302
41 -0.496088 0.0624266
41.1 -0.487386 0.1116
41.2 -0.473823 0.159661
41.3 -0.455534 0.206129
41.4 -0.4327 0.25054
41.5 -0.405551 0.292453
41.6 -0.374356 0.331448
41.7 -0.339426 0.367137
41.8 -0.301111 0.399164
41.9 -0.259793 0.427209
42 -0.215882 0.450993
42.1 -0.169819 0.470278
42.2 -0.122061 0.484872
42.3 -0.0730863 0.49463
42.4 -0.0233821 0.499453
42.5 0.0265552 0.499294
42.6 0.0762277 0.494155
42.7 0.12514 0.484087
42.8 0.172804 0.46919
42.9 0.218744 0.449612
43 0.262502 0.42555
43.1 0.303641 0.397243
43.2 0.341752 0.364973
43.3 0.376454 0.329063
43.4 0.407401 0.28987
43.5 0.434284 0.247786
43.6 0.456834 0.20323
43.7 0.474828 0.156647
43.8 0.488086 0.108501
43.9 0.496474 0.0592732
44 0.499911 0.00945395
44.1 0.49836 -0.0404596
44.2 0.491839 -0.0899696
44.3 0.480411 -0.138582
44.4 0.464192 -0.185812
44.5 0.443342 -0.231189
44.6 0.418069 -0.274259
44.7 0.388626 -0.314594
44.8 0.355307 -0.351791
44.9 0.318444 -0.385478
45 0.278404 -0.415321
45.1 0.235587 -0.44102
45.2 0.19042 -0.462321
45.3 0.143353 -0.479009
45.4 0.0948567 -0.49092
45.5 0.0454141 -0.497933
45.6 -0.00448159 -0.49998
45.7 -0.0543325 -0.497039
45.8 -0.103642 -0.489141
45.9 -0.151917 -0.476363
46 -0.198676 -0.458833
46.1 -0.243454 -0.436726
46.2 -0.285804 -0.410263
46.3 -0.325303 -0.379708
46.4 -0.361556 -0.345365
46.5 -0.394203 -0.307577
46.6 -0.422918 -0.266721
46.7 -0.447415 -0.223205
46.8 -0.467448 -0.177461
46.9 -0.482818 -0.129948
47 -0.493373 -0.0811386
47.1 -0.499006 -0.0315197
47.2 -0.499661 0.0184137
47.3 -0.495332 0.0681633
47.4 -0.486062 0.117233
47.5 -0.471944 0.165133
47.6 -0.453118 0.211386
47.7 -0.429772 0.255531
47.8 -0.402139 0.297126
47.9 -0.370495 0.335758
48 -0.335155 0.371041
48.1 -0.296472 0.402622
48.2 -0.254831 0.430187
48.3 -0.210649 0.453461
48.4 -0.164365 0.472212
48.5 -0.116442 0.486252
48.6 -0.0673574 0.495442
48.7 -0.0176008 0.49969
48.8 0.0323314 0.498954
48.9 0.0819411 0.49324
49 0.130733 0.482606
49.1 0.178222 0.467158
49.2 0.223932 0.447051
49.3 0.267409 0.422484
49.4 0.308218 0.393702
49.5 0.345953 0.360994
49.6 0.380237 0.324684
49.7 0.410728 0.285136
49.8 0.437122 0.242744
49.9 0.459156 0.19793
50 0.476609 0.151142
50.1 0.489308 0.102846
50.2 0.497127 0.0535239
50.3 0.499987 0.00366821
50.4 0.497859 -0.0462241
50.5 0.490765 -0.0956552
50.6 0.478775 -0.144132
50.7 0.46201 -0.191172
50.8 0.440636 -0.236304
50.9 0.414867 -0.279079
51 0.38496 -0.31907
51.1 0.351212 -0.355879
51.2 0.313962 -0.389138
51.3 0.273579 -0.418515
51.4 0.230467 -0.443717
51.5 0.185057 -0.464493
51.6 0.1378 -0.480636
51.7 0.0891693 -0.491985
51.8 0.0396488 -0.498425
51.9 -0.0102672 -0.499895
52 -0.0600808 -0.496377
52.1 -0.109295 -0.487908
52.2 -0.157419 -0.474573
52.3 -0.203973 -0.456503
52.4 -0.248492 -0.43388
52.5 -0.290532 -0.406929
52.6 -0.329675 -0.375918
52.7 -0.365529 -0.341158
52.8 -0.397736 -0.302995
52.9 -0.425976 -0.261809
53 -0.449968 -0.218012
53.1 -0.46947 -0.17204
53.2 -0.48429 -0.124352
53.3 -0.494279 -0.0754237
53.4 -0.499337 -0.0257429
53.5 -0.499414 0.0241946
53.6 -0.49451 0.0738908
53.7 -0.484673 0.12285
53.8 -0.470001 0.170584
53.9 -0.450641 0.216616
54 -0.426786 0.260487
54.1 -0.398674 0.30176
54.2 -0.366585 0.340023
54.3 -0.330839 0.374894
54.4 -0.291793 0.406026
54.5 -0.249836 0.433107
54.6 -0.205387 0.455868
54.7 -0.15889 0.474082
54.8 -0.110807 0.487567
54.9 -0.0616195 0.496189
55 -0.011817 0.49986
55.1 0.0381033 0.498546
55.2 0.0876435 0.492259
55.3 0.136309 0.481061
55.4 0.183616 0.465065
55.5 0.22909 0.444429
55.6 0.27228 0.419361
55.7 0.312754 0.390109
55.8 0.350107 0.356966
55.9 0.383969 0.320262
56 0.414 0.280364
56.1 0.439902 0.237669
56.2 0.461415 0.192603
56.3 0.478326 0.145616
56.4 0.490466 0.0971764
56.5 0.497713 0.0477674
56.6 0.499996 -0.00211802
56.7 0.49729 -0.0519823
56.8 0.489625 -0.101328
56.9 0.477075 -0.149663
57 0.459767 -0.196505
57.1 0.437872 -0.241387
57.2 0.41161 -0.283861
57.3 0.381242 -0.323504
57.4 0.347071 -0.35992
57.5 0.309437 -0.392745
57.6 0.268717 -0.421653
57.7 0.225317 -0.446354
57.8 0.179669 -0.466604
57.9 0.132229 -0.482199
58 0.08347 -0.492984
58.1 0.0338782 -0.498851
58.2 -0.0160514 -0.499742
58.3 -0.065821 -0.495649
58.4 -0.114934 -0.486611
58.5 -0.1629 -0.472719
58.6 -0.209242 -0.454112
58.7 -0.253496 -0.430975
58.8 -0.295222 -0.403539
58.9 -0.334003 -0.372078
59 -0.369452 -0.336905
59.1 -0.401216 -0.298372
59.2 -0.428978 -0.256862
59.3 -0.45246 -0.21279
59.4 -0.47143 -0.166596
59.5 -0.485696 -0.118739
59.6 -0.495118 -0.0696987
59.7 -0.499601 -0.0199627
59.8 -0.499101 0.0299724
59.9 -0.493622 0.0796085
60 -0.483219 0.128451
60.1 -0.467996 0.176011
60.2 -0.448104 0.221816
60.3 -0.423743 0.265409
60.4 -0.395155 0.306354
60.5 -0.362625 0.344243
60.6 -0.326478 0.378698
60.7 -0.287075 0.409375
60.8 -0.244807 0.435969
60.9 -0.200098 0.458215
61 -0.153393 0.475889
61.1 -0.105158 0.488817
61.2 -0.0558733 0.496868
61.3 -0.00603173 0.499964
61.4 0.04387 0.498072
61.5 0.0933342 0.491211
61.6 0.141867 0.479451
61.7 0.188985 0.462909
61.8 0.234218 0.441749
61.9 0.277115 0.416182
62 0.317247 0.386464
62.1 0.354215 0.352891
62.2 0.387649 0.315798
62.3 0.417217 0.275554
62.4 0.442623 0.232562
62.5 0.463613 0.187251
62.6 0.479979 0.140071
62.7 0.491558 0.091494
62.8 0.498232 0.0420045
62.9 0.499938 -0.00790396
63 0.496656 -0.0577336
63.1 0.48842 -0.106987
63.2 0.475312 -0.155174
63.3 0.457462 -0.201813
63.4 0.43505 -0.246438
63.5 0.408297 -0.288606
63.6 0.377472 -0.327894
63.7 0.342882 -0.363912
63.8 0.304872 -0.396299
63.9 0.26382 -0.424734
64 0.220137 -0.448932
64.1 0.174257 -0.468652
64.2 0.12664 -0.483696
64.3 0.0777594 -0.493916
64.4 0.0281031 -0.49921
64.5 -0.0218335 -0.499523
64.6 -0.0715524 -0.494854
64.7 -0.120557 -0.485248
64.8 -0.16836 -0.470802
64.9 -0.214483 -0.45166
65 -0.258467 -0.428013
65.1 -0.299872 -0.400096
65.2 -0.338286 -0.368188
65.3 -0.373326 -0.332607
65.4 -0.404642 -0.293709
65.5 -0.431921 -0.251881
65.6 -0.454892 -0.20754
65.7 -0.473326 -0.161129
65.8 -0.487038 -0.113111
65.9 -0.495892 -0.0639644
66 -0.499799 -0.0141799
66.1 -0.498721 0.0357461
66.2 -0.492667 0.0853155
66.3 -0.4817 0.134034
66.4 -0.465928 0.181415
66.5 -0.445507 0.226987
66.6 -0.420643 0.270295
66.7 -0.391583 0.310906
66.8 -0.358617 0.348416
66.9 -0.322074 0.38245
67 -0.282318 0.41267
67.1 -0.239746 0.438773
67.2 -0.194782 0.4605
67.3 -0.147875 0.477633
67.4 -0.0994938 0.490001
67.5 -0.0501197 0.497482
67.6 -0.000245605 0.5
67.7 0.0496309 0.497531
67.8 0.0990124 0.490099
67.9 0.147406 0.477778
68 0.19433 0.460691
68.1 0.239315 0.439009
68.2 0.281912 0.412947
68.3 0.321698 0.382767
68.4 0.358275 0.348768
68.5 0.391278 0.31129
68.6 0.420378 0.270708
68.7 0.445284 0.227425
68.8 0.465749 0.181873
68.9 0.481568 0.134507
69 0.492583 0.0857995
69.1 0.498685 0.036236
69.2 0.499813 -0.0136889
69.3 0.495954 -0.0634772
69.4 0.487149 -0.112632
69.5 0.473484 -0.160664
69.6 0.455096 -0.207093
69.7 0.432169 -0.251456
69.8 0.40493 -0.293311
69.9 0.373653 -0.33224
70 0.338648 -0.367855
70.1 0.300265 -0.399801
70.2 0.258887 -0.427759
70.3 0.214927 -0.451449
70.4 0.168822 -0.470637
70.5 0.121034 -0.48513
70.6 0.0720385 -0.494783
70.7 0.0223242 -0.499501
70.8 -0.0276127 -0.499237
70.9 -0.0772742 -0.493993
71 -0.126165 -0.483821
71.1 -0.173797 -0.468823
71.2 -0.219696 -0.449148
71.3 -0.263403 -0.424993
71.4 -0.304482 -0.396599
71.5 -0.342525 -0.364248
71.6 -0.37715 -0.328265
71.7 -0.408014 -0.289007
71.8 -0.434807 -0.246866
71.9 -0.457264 -0.202262
72 -0.475159 -0.155641
72.1 -0.488314 -0.107467
72.2 -0.496599 -0.0582215
72.3 -0.49993 -0.00839511
72.4 -0.498274 0.041515
72.5 -0.491647 0.0910111
72.6 -0.480117 0.139599
72.7 -0.463797 0.186795
72.8 -0.442851 0.232127
72.9 -0.417487 0.275144
73 -0.387959 0.315417
73.1 -0.354561 0.352543
73.2 -0.317627 0.386152
73.3 -0.277523 0.41591
73.4 -0.234652 0.441518
73.5 -0.18944 0.462723
73.6 -0.142338 0.479312
73.7 -0.0938167 0.49112
73.8 -0.0443593 0.498028
73.9 0.00554055 0.499969
74 0.0553852 0.496923
74.1 0.104677 0.48892
74.2 0.152925 0.47604
74.3 0.199648 0.458411
74.4 0.244379 0.43621
74.5 0.286672 0.409657
74.6 0.326106 0.379018
74.7 0.362287 0.344599
74.8 0.394854 0.306742
74.9 0.423482 0.265825
75 0.447886 0.222256
75.1 0.467823 0.176471
75.2 0.483092 0.128925
75.3 0.493543 0.0800934
75.4 0.499071 0.0304627
75.5 0.499621 -0.0194719
75.6 0.495186 -0.0692123
75.7 0.485813 -0.118262
75.8 0.471593 -0.166133
75.9 0.452669 -0.212346
76 0.42923 -0.256441
76.1 0.401509 -0.297978
76.2 0.369783 -0.336542
76.3 0.334368 -0.37175
76.4 0.295618 -0.403249
76.5 0.25392 -0.430726
76.6 0.209688 -0.453906
76.7 0.163365 -0.472559
76.8 0.115412 -0.486498
76.9 0.0663079 -0.495584
77 0.0165424 -0.499726
77.1 -0.0333881 -0.498884
77.2 -0.0829856 -0.493065
77.3 -0.131755 -0.482328
77.4 -0.179211 -0.46678
77.5 -0.224878 -0.446576
77.6 -0.268303 -0.421916
77.7 -0.309051 -0.393049
77.8 -0.346717 -0.36026
77.9 -0.380924 -0.323878
78 -0.411331 -0.284266
78.1 -0.437635 -0.241817
78.2 -0.459574 -0.196957
78.3 -0.476928 -0.150132
78.4 -0.489525 -0.101809
78.5 -0.497239 -0.0524708
78.6 -0.499993 -0.00260922
78.7 -0.49776 0.0472784
78.8 -0.490561 0.0966945
78.9 -0.478469 0.145146
79 -0.461604 0.19215
79.1 -0.440135 0.237237
79.2 -0.414275 0.279957
79.3 -0.384283 0.319885
79.4 -0.350458 0.356622
79.5 -0.313137 0.389802
79.6 -0.272692 0.419093
79.7 -0.229527 0.444204
79.8 -0.184073 0.464884
79.9 -0.136782 0.480927
80 -0.0881271 0.492172
80.1 -0.038593 0.498508
80.2 0.011326 0.499872
80.3 0.061132 0.496249
80.4 0.110328 0.487676
80.5 0.158424 0.474238
80.6 0.204939 0.45607
80.7 0.24941 0.433353
80.8 0.291394 0.406312
80.9 0.33047 0.375219
81 0.36625 0.340383
81.1 0.398377 0.302152
81.2 0.42653 0.260906
81.3 0.450428 0.217058
81.4 0.469833 0.171045
81.5 0.484552 0.123326
81.6 0.494437 0.0743766
81.7 0.49939 0.0246853
81.8 0.499362 -0.0252524
81.9 0.494352 -0.0749381
82 0.484412 -0.123876
82.1 0.469639 -0.171579
82.2 0.450181 -0.21757
82.3 0.426233 -0.261391
82.4 0.398034 -0.302604
82.5 0.365864 -0.340799
82.6 0.330044 -0.375594
82.7 0.290932 -0.406643
82.8 0.248918 -0.433635
82.9 0.204421 -0.456302
83 0.157885 -0.474418
83.1 0.109774 -0.487801
83.2 0.0605684 -0.496318
83.3 0.0107583 -0.499884
83.4 -0.0391591 -0.498464
83.5 -0.0886859 -0.492072
83.6 -0.137328 -0.480771
83.7 -0.1846 -0.464675
83.8 -0.230031 -0.443943
83.9 -0.273168 -0.418783
84 -0.313579 -0.389446
84.1 -0.350863 -0.356224
84.2 -0.384646 -0.319448
84.3 -0.414593 -0.279486
84.4 -0.440404 -0.236737
84.5 -0.461822 -0.191625
84.6 -0.478634 -0.144603
84.7 -0.490671 -0.0961373
84.8 -0.497813 -0.0467131
84.9 -0.49999 0.00317701
85 -0.497179 0.0530355
85.1 -0.489409 0.102365
85.2 -0.476757 0.150673
85.3 -0.45935 0.197479
85.4 -0.43736 0.242314
85.5 -0.411008 0.284732
85.6 -0.380556 0.324311
85.7 -0.346307 0.360654
85.8 -0.308605 0.393399
85.9 -0.267824 0.422221
86 -0.224371 0.446831
86.1 -0.17868 0.466983
86.2 -0.131207 0.482478
86.3 -0.0824256 0.493159
86.4 -0.0328216 0.498922
86.5 0.0171099 0.499707
86.6 0.0668706 0.495508
86.7 0.115964 0.486366
86.8 0.163901 0.472373
86.9 0.210203 0.453668
87 0.254409 0.430437
87.1 0.296076 0.402913
87.2 0.33479 0.37137
87.3 0.370165 0.336122
87.4 0.401847 0.297521
87.5 0.429521 0.255953
87.6 0.45291 0.211831
87.7 0.471781 0.165597
87.8 0.485947 0.11771
87.9 0.495265 0.0686499
88 0.499642 0.0189045
88.1 0.499036 -0.0310294
88.2 0.493452 -0.0806538
88.3 0.482946 -0.129474
88.4 0.467622 -0.177002
88.5 0.447634 -0.222765
88.6 0.42318 -0.266306
88.7 0.394505 -0.30719
88.8 0.361895 -0.34501
88.9 0.325675 -0.379388
89 0.286207 -0.409982
89.1 0.243883 -0.436487
89.2 0.199127 -0.458638
89.3 0.152385 -0.476213
89.4 0.104122 -0.489038
89.5 0.0548208 -0.496986
89.6 0.00497278 -0.499975
89.7 -0.0449249 -0.497978
89.8 -0.0943744 -0.491013
89.9 -0.142883 -0.47915
90 -0.189965 -0.462507
90.1 -0.235153 -0.441252
90.2 -0.277996 -0.415594
90.3 -0.318065 -0.385791
90.4 -0.354961 -0.35214
90.5 -0.388317 -0.314976
90.6 -0.417799 -0.27467
90.7 -0.443114 -0.231624
90.8 -0.464009 -0.186268
90.9 -0.480275 -0.139054
91 -0.49175 -0.0904527
91.1 -0.49832 -0.0409492
91.2 -0.49992 0.00896282
91.3 -0.496532 0.0587854
91.4 -0.488192 0.108022
91.5 -0.474982 0.15618
91.6 -0.457034 0.202781
91.7 -0.434527 0.247359
91.8 -0.407685 0.28947
91.9 -0.376777 0.328693
92 -0.342111 0.364637
92.1 -0.304032 0.396944
92.2 -0.26292 0.425292
92.3 -0.219185 0.449397
92.4 -0.173264 0.46902
92.5 -0.125615 0.483964
92.6 -0.0767131 0.49408
92.7 -0.0270457 0.499268
92.8 0.0228915 0.499476
92.9 0.0726003 0.494701
93 0.121585 0.484992
93.1 0.169357 0.470445
93.2 0.215439 0.451205
93.3 0.259373 0.427464
93.4 0.300719 0.39946
93.5 0.339065 0.367471
93.6 0.37403 0.331816
93.7 0.405263 0.292851
93.8 0.432454 0.250965
93.9 0.455331 0.206576
94 0.473666 0.160126
94.1 0.487276 0.112079
94.2 0.496026 0.0629139
94.3 0.499828 0.0131213
94.4 0.498644 -0.0368023
94.5 0.492486 -0.0863588
94.6 0.481415 -0.135054
94.7 0.465542 -0.182402
94.8 0.445026 -0.22793
94.9 0.42007 -0.271185
95 0.390924 -0.311735
95.1 0.357879 -0.349175
95.2 0.321263 -0.383132
95.3 0.281443 -0.413267
95.4 0.238816 -0.43928
95.5 0.193806 -0.460911
95.6 0.146864 -0.477945
95.7 0.0984558 -0.490211
95.8 0.0490659 -0.497587
95.9 -0.000813406 -0.499999
96 -0.0506846 -0.497424
96.1 -0.10005 -0.489888
96.2 -0.148418 -0.477464
96.3 -0.195305 -0.460278
96.4 -0.240244 -0.438501
96.5 -0.282786 -0.412349
96.6 -0.322508 -0.382084
96.7 -0.359013 -0.348008
96.8 -0.391936 -0.310461
96.9 -0.42095 -0.269817
97 -0.445765 -0.226481
97.1 -0.466133 -0.180886
97.2 -0.481852 -0.133487
97.3 -0.492764 -0.084756
97.4 -0.498761 -0.0351797
97.5 -0.499782 0.0147474
97.6 -0.495819 0.0645275
97.7 -0.486909 0.113664
97.8 -0.473143 0.161666
97.9 -0.454656 0.208056
98 -0.431635 0.252371
98.1 -0.404308 0.294168
98.2 -0.372948 0.333031
98.3 -0.337868 0.368572
98.4 -0.299418 0.400436
98.5 -0.257981 0.428306
98.6 -0.21397 0.451904
98.7 -0.167825 0.470993
98.8 -0.120006 0.485385
98.9 -0.0709904 0.494935
99 -0.0212662 0.499548
99.1 0.02867 0.499177
99.2 0.0783203 0.493828
99.3 0.127189 0.483552
99.4 0.17479 0.468453
99.5 0.220646 0.448682
99.6 0.264302 0.424434
99.7 0.305321 0.395953
99.8 0.343295 0.363522
99.9 0.377845 0.327465
100 0.408625 0.288142
