0.1 0.4975 -0.05
0.2 0.490013 -0.0995
0.3 0.477612 -0.148004
0.4 0.460424 -0.195025
0.5 0.438619 -0.240092
0.6 0.412417 -0.282754
0.7 0.38208 -0.322582
0.8 0.347911 -0.359177
0.9 0.310254 -0.392172
1 0.269485 -0.421236
1.1 0.226014 -0.446079
1.2 0.180276 -0.46645
1.3 0.13273 -0.482145
1.4 0.0838518 -0.493007
1.5 0.0341318 -0.498928
1.6 -0.0159316 -0.499846
1.7 -0.0658366 -0.495754
1.8 -0.115083 -0.486691
1.9 -0.163177 -0.47275
2 -0.209636 -0.454068
2.1 -0.253994 -0.430834
2.2 -0.295808 -0.403281
2.3 -0.334657 -0.371684
2.4 -0.370152 -0.336359
2.5 -0.401937 -0.297662
2.6 -0.429694 -0.25598
2.7 -0.453143 -0.211731
2.8 -0.472051 -0.165358
2.9 -0.486226 -0.117326
3 -0.495528 -0.0681171
3.1 -0.499862 -0.0182238
3.2 -0.499185 0.0318535
3.3 -0.493503 0.0816127
3.4 -0.482875 0.130555
3.5 -0.467405 0.17819
3.6 -0.447249 0.224039
3.7 -0.422609 0.267644
3.8 -0.393731 0.308567
3.9 -0.360906 0.346397
4 -0.324462 0.380755
4.1 -0.284764 0.411298
4.2 -0.24221 0.437718
4.3 -0.197227 0.45975
4.4 -0.150266 0.477174
4.5 -0.101798 0.489815
4.6 -0.052307 0.497546
4.7 -0.00229095 0.500289
4.8 0.0477494 0.498016
4.9 0.0973122 0.490751
5 0.145901 0.478566
5.1 0.193028 0.461583
5.2 0.238221 0.439973
5.3 0.281027 0.413951
5.4 0.321017 0.383778
5.5 0.35779 0.349758
5.6 0.390977 0.31223
5.7 0.420245 0.271571
5.8 0.445301 0.228189
5.9 0.465893 0.182518
6 0.481815 0.135016
6.1 0.492908 0.0861591
6.2 0.499059 0.0364375
6.3 0.500208 -0.0136506
6.4 0.496342 -0.0636031
6.5 0.4875 -0.112919
6.6 0.47377 -0.161105
6.7 0.455291 -0.207676
6.8 0.432247 -0.252167
6.9 0.404869 -0.294131
7 0.373431 -0.333147
7.1 0.33825 -0.368824
7.2 0.299676 -0.400805
7.3 0.258097 -0.428769
7.4 0.21393 -0.452435
7.5 0.167617 -0.471565
7.6 0.119622 -0.485969
7.7 0.0704269 -0.495502
7.8 0.0205246 -0.500067
7.9 -0.0295847 -0.499619
8 -0.0793986 -0.494162
8.1 -0.128418 -0.483752
8.2 -0.176151 -0.468491
8.3 -0.222119 -0.448534
8.4 -0.265862 -0.424079
8.5 -0.306941 -0.395372
8.6 -0.344943 -0.362701
8.7 -0.379489 -0.326394
8.8 -0.41023 -0.286813
8.9 -0.436861 -0.244356
9 -0.459112 -0.199448
9.1 -0.476761 -0.152539
9.2 -0.489631 -0.104101
9.3 -0.497593 -0.0546169
9.4 -0.500567 -0.00458455
9.5 -0.498522 0.0454951
9.6 -0.49148 0.0951198
9.7 -0.479511 0.143792
9.8 -0.462734 0.191024
9.9 -0.441318 0.236343
10 -0.415477 0.279293
10.1 -0.385471 0.319444
10.2 -0.351599 0.356394
10.3 -0.314201 0.389772
10.4 -0.273653 0.419243
10.5 -0.230361 0.444512
10.6 -0.184758 0.465326
10.7 -0.137301 0.481475
10.8 -0.0884673 0.492798
10.9 -0.0387452 0.49918
11 0.0113666 0.500559
11.1 0.0613656 0.496919
11.2 0.110751 0.488298
11.3 0.159027 0.474782
11.4 0.20571 0.456505
11.5 0.250332 0.433652
11.6 0.292445 0.40645
11.7 0.331628 0.375173
11.8 0.367487 0.340135
11.9 0.399663 0.301685
12 0.427834 0.260211
12.1 0.451715 0.216126
12.2 0.47107 0.169874
12.3 0.485702 0.121918
12.4 0.495465 0.0727379
12.5 0.500261 0.0228277
12.6 0.500043 -0.0273125
12.7 0.494811 -0.0771802
12.8 0.484619 -0.126275
12.9 0.469569 -0.174106
13 0.44981 -0.220192
13.1 0.425542 -0.264072
13.2 0.397007 -0.305306
13.3 0.364491 -0.34348
13.4 0.328321 -0.378212
13.5 0.288858 -0.409153
13.6 0.246498 -0.435993
13.7 0.201667 -0.458463
13.8 0.154812 -0.476337
13.9 0.106404 -0.489437
14 0.0569284 -0.49763
14.1 0.00688075 -0.500835
14.2 -0.0432371 -0.499019
14.3 -0.0929228 -0.4922
14.4 -0.141678 -0.480447
14.5 -0.189014 -0.463877
14.6 -0.234457 -0.442656
14.7 -0.27755 -0.416997
14.8 -0.317862 -0.387157
14.9 -0.354989 -0.353435
15 -0.388557 -0.316169
15.1 -0.418231 -0.275732
15.2 -0.443713 -0.23253
15.3 -0.464748 -0.186996
15.4 -0.481124 -0.139587
15.5 -0.492677 -0.0907763
15.6 -0.499291 -0.0410547
15.7 -0.5009 0.00907961
15.8 -0.497487 0.0591242
15.9 -0.489088 0.108577
16 -0.475784 0.156943
16.1 -0.457711 0.203737
16.2 -0.435049 0.248489
16.3 -0.408025 0.290752
16.4 -0.376909 0.330101
16.5 -0.342015 0.366141
16.6 -0.303691 0.398512
16.7 -0.262321 0.426888
16.8 -0.218321 0.450986
16.9 -0.17213 0.470563
17 -0.124213 0.485423
17.1 -0.0750501 0.495418
17.2 -0.0251331 0.500445
17.3 0.0250371 0.500457
17.4 0.0749576 0.495451
17.5 0.124128 0.485478
17.6 0.172055 0.470637
17.7 0.218258 0.451079
17.8 0.262275 0.426997
17.9 0.303663 0.398635
18 0.342009 0.366275
18.1 0.376926 0.330243
18.2 0.408066 0.290899
18.3 0.435115 0.248638
18.4 0.457804 0.203884
18.5 0.475903 0.157084
18.6 0.489232 0.108708
18.7 0.497656 0.0592413
18.8 0.501092 0.0091795
18.9 0.499505 -0.0409756
19 0.49291 -0.0907212
19.1 0.481373 -0.139559
19.2 0.46501 -0.186998
19.3 0.443985 -0.232564
19.4 0.418509 -0.2758
19.5 0.388837 -0.316272
19.6 0.355265 -0.353574
19.7 0.318131 -0.387333
19.8 0.277808 -0.417209
19.9 0.234698 -0.442904
20 0.189234 -0.464159
20.1 0.141872 -0.480762
20.2 0.0930861 -0.492545
20.3 0.0433661 -0.499391
20.4 -0.00678978 -0.501231
20.5 -0.0568789 -0.498045
20.6 -0.106399 -0.489867
20.7 -0.154854 -0.476778
20.8 -0.201757 -0.458909
20.9 -0.246639 -0.436439
21 -0.28905 -0.409592
21.1 -0.328564 -0.378639
21.2 -0.364785 -0.34389
21.3 -0.39735 -0.305692
21.4 -0.425933 -0.264428
21.5 -0.450246 -0.220513
21.6 -0.470046 -0.174386
21.7 -0.485134 -0.126509
21.8 -0.49536 -0.0773633
21.9 -0.500619 -0.0274406
22 -0.50086 0.0227585
22.1 -0.49608 0.0727308
22.2 -0.486326 0.121975
22.3 -0.471697 0.169998
22.4 -0.452339 0.216318
22.5 -0.428446 0.26047
22.6 -0.400256 0.302012
22.7 -0.368054 0.340528
22.8 -0.332161 0.37563
22.9 -0.292937 0.406968
23 -0.250775 0.434227
23.1 -0.206099 0.457134
23.2 -0.159355 0.475458
23.3 -0.111012 0.489016
23.4 -0.0615558 0.497672
23.5 -0.0114808 0.501339
23.6 0.0387106 0.499981
23.7 0.0885151 0.49361
23.8 0.137434 0.48229
23.9 0.184975 0.466135
24 0.230664 0.445307
24.1 0.274041 0.420014
24.2 0.314673 0.39051
24.3 0.35215 0.35709
24.4 0.386099 0.32009
24.5 0.416177 0.279879
24.6 0.442084 0.236862
24.7 0.46356 0.19147
24.8 0.480389 0.144156
24.9 0.492403 0.0953966
25 0.499481 0.0456793
25.1 0.501551 -0.00449711
25.2 0.498594 -0.0546297
25.3 0.490638 -0.104216
25.4 0.477763 -0.152759
25.5 0.460098 -0.199771
25.6 0.437821 -0.244782
25.7 0.411153 -0.28734
25.8 0.380363 -0.327019
25.9 0.34576 -0.36342
26 0.307689 -0.396179
26.1 0.266533 -0.424967
26.2 0.222703 -0.449495
26.3 0.17664 -0.469518
26.4 0.128805 -0.484835
26.5 0.0796777 -0.495291
26.6 0.0297502 -0.500782
26.7 -0.0204768 -0.501253
26.8 -0.0704998 -0.496699
26.9 -0.119817 -0.487166
27 -0.167935 -0.472748
27.1 -0.21437 -0.453591
27.2 -0.258657 -0.429886
27.3 -0.300353 -0.401871
27.4 -0.339038 -0.369827
27.5 -0.374325 -0.334074
27.6 -0.405861 -0.294971
27.7 -0.433329 -0.25291
27.8 -0.456453 -0.208312
27.9 -0.475002 -0.161625
28 -0.48879 -0.113317
28.1 -0.497677 -0.0638716
28.2 -0.501576 -0.0137845
28.3 -0.500447 0.0364421
28.4 -0.4943 0.0863045
28.5 -0.483198 0.135303
28.6 -0.467252 0.182946
28.7 -0.446621 0.228757
28.8 -0.421512 0.272275
28.9 -0.392177 0.313065
29 -0.35891 0.350717
29.1 -0.322044 0.384855
29.2 -0.281948 0.415135
29.3 -0.239025 0.441254
29.4 -0.193704 0.46295
29.5 -0.146441 0.480006
29.6 -0.0977078 0.49225
29.7 -0.0479943 0.499559
29.8 0.00220164 0.501861
29.9 0.0523767 0.499132
30 0.102028 0.491398
30.1 0.150658 0.478739
30.2 0.197778 0.461279
30.3 0.242917 0.439195
30.4 0.285622 0.412707
30.5 0.325465 0.382081
30.6 0.362046 0.347624
30.7 0.394998 0.309682
30.8 0.423991 0.268634
30.9 0.448734 0.224891
31 0.46898 0.178893
31.1 0.484524 0.131101
31.2 0.495212 0.081993
31.3 0.500935 0.0320619
31.4 0.501637 -0.0181919
31.5 0.497309 -0.0682646
31.6 0.487996 -0.117654
31.7 0.473791 -0.165866
31.8 0.454835 -0.212415
31.9 0.43132 -0.256837
32 0.403479 -0.298685
32.1 0.371593 -0.337539
32.2 0.335982 -0.373011
32.3 0.297001 -0.404744
32.4 0.255041 -0.43242
32.5 0.210524 -0.455762
32.6 0.163895 -0.474536
32.7 0.115622 -0.488553
32.8 0.0661887 -0.497672
32.9 0.0160906 -0.501803
33 -0.0341701 -0.500903
33.1 -0.0840895 -0.494981
33.2 -0.133167 -0.484097
33.3 -0.180911 -0.46836
33.4 -0.226843 -0.447927
33.5 -0.270501 -0.423003
33.6 -0.311449 -0.393838
33.7 -0.349275 -0.360724
33.8 -0.383601 -0.323993
33.9 -0.414083 -0.284013
34 -0.440414 -0.241184
34.1 -0.46233 -0.195937
34.2 -0.479612 -0.148724
34.3 -0.492086 -0.10002
34.4 -0.499628 -0.0503109
34.5 -0.502161 -9.65671e-05
34.6 -0.49966 0.05012
34.7 -0.492149 0.0998354
34.8 -0.479705 0.148551
34.9 -0.462451 0.195779
35 -0.440561 0.241045
35.1 -0.414254 0.283896
35.2 -0.383793 0.323902
35.3 -0.349484 0.360662
35.4 -0.31167 0.393807
35.5 -0.270731 0.423005
35.6 -0.227077 0.447963
35.7 -0.181146 0.468431
35.8 -0.133397 0.484203
35.9 -0.0843094 0.495122
36 -0.0343756 0.501077
36.1 0.015904 0.502009
36.2 0.0660254 0.497909
36.3 0.115486 0.488817
36.4 0.16379 0.474824
36.5 0.210454 0.456071
36.6 0.255009 0.432745
36.7 0.297008 0.405081
36.8 0.336031 0.373354
36.9 0.371687 0.337885
37 0.403617 0.299027
37.1 0.431501 0.25717
37.2 0.455061 0.212734
37.3 0.474059 0.166164
37.4 0.488305 0.117927
37.5 0.497656 0.0685072
37.6 0.502018 0.0183991
37.7 0.501348 -0.0318947
37.8 0.495652 -0.0818701
37.9 0.484987 -0.131026
38 0.469459 -0.178869
38.1 0.449225 -0.224921
38.2 0.424487 -0.268719
38.3 0.395492 -0.309824
38.4 0.362533 -0.347824
38.5 0.325937 -0.382338
38.6 0.286074 -0.41302
38.7 0.243342 -0.439563
38.8 0.198169 -0.461699
38.9 0.151008 -0.479207
39 0.102332 -0.491912
39.1 0.0526292 -0.499686
39.2 0.00239748 -0.50245
39.3 -0.0478595 -0.500178
39.4 -0.097638 -0.492891
39.5 -0.146439 -0.480663
39.6 -0.193773 -0.463615
39.7 -0.239166 -0.44192
39.8 -0.282162 -0.415794
39.9 -0.32233 -0.385499
40 -0.359269 -0.351338
40.1 -0.392606 -0.313655
40.2 -0.422009 -0.272826
40.3 -0.447181 -0.229261
40.4 -0.467871 -0.183396
40.5 -0.483872 -0.135692
40.6 -0.495021 -0.0866267
40.7 -0.501209 -0.0366914
40.8 -0.502372 0.013613
40.9 -0.498499 0.0637821
41 -0.489628 0.113313
41.1 -0.475849 0.161709
41.2 -0.457299 0.208486
41.3 -0.434164 0.253173
41.4 -0.406675 0.295324
41.5 -0.37511 0.334515
41.6 -0.339783 0.370353
41.7 -0.301048 0.402479
41.8 -0.259295 0.430572
41.9 -0.214942 0.454349
42 -0.168432 0.473571
42.1 -0.120233 0.488046
42.2 -0.070827 0.497629
42.3 -0.0207099 0.502224
42.4 0.029616 0.501784
42.5 0.0796463 0.496313
42.6 0.128879 0.485867
42.7 0.176822 0.47055
42.8 0.222993 0.450515
42.9 0.266929 0.425963
43 0.308191 0.39714
43.1 0.346364 0.364336
43.2 0.381066 0.327877
43.3 0.411948 0.288132
43.4 0.438701 0.245496
43.5 0.461058 0.200398
43.6 0.478792 0.153291
43.7 0.491727 0.104645
43.8 0.499733 0.0549491
43.9 0.502729 0.00470104
44 0.500686 -0.0455954
44.1 0.493623 -0.095436
44.2 0.481611 -0.144321
44.3 0.464771 -0.191761
44.4 0.443271 -0.237279
44.5 0.417327 -0.28042
44.6 0.387198 -0.32075
44.7 0.353187 -0.357866
44.8 0.315635 -0.391396
44.9 0.274917 -0.421002
45 0.231442 -0.446389
45.1 0.185646 -0.467301
45.2 0.137988 -0.483529
45.3 0.0889448 -0.49491
45.4 0.039009 -0.50133
45.5 -0.011319 -0.502724
45.6 -0.0615349 -0.499079
45.7 -0.111135 -0.49043
45.8 -0.159622 -0.476864
45.9 -0.206511 -0.458518
46 -0.25133 -0.435574
46.1 -0.293631 -0.408263
46.2 -0.332989 -0.376859
46.3 -0.36901 -0.341676
46.4 -0.401332 -0.303066
46.5 -0.429632 -0.261418
46.6 -0.453626 -0.217147
46.7 -0.473073 -0.170699
46.8 -0.487777 -0.122538
46.9 -0.497592 -0.073148
47 -0.502419 -0.023023
47.1 -0.502209 0.027334
47.2 -0.496965 0.0774182
47.3 -0.486738 0.126728
47.4 -0.471632 0.174768
47.5 -0.451797 0.221057
47.6 -0.427432 0.265131
47.7 -0.398782 0.306549
47.8 -0.366133 0.344894
47.9 -0.329813 0.379783
48 -0.290185 0.410866
48.1 -0.247648 0.43783
48.2 -0.202627 0.460405
48.3 -0.155573 0.478366
48.4 -0.106958 0.491532
48.5 -0.0572705 0.49977
48.6 -0.00700721 0.502998
48.7 0.0433276 0.501184
48.8 0.0932293 0.494345
48.9 0.142198 0.48255
49 0.189742 0.465918
49.1 0.235385 0.444614
49.2 0.278669 0.418852
49.3 0.319161 0.388891
49.4 0.356454 0.355031
49.5 0.390175 0.31761
49.6 0.419985 0.277005
49.7 0.445586 0.233621
49.8 0.46672 0.187894
49.9 0.483176 0.140283
50 0.494788 0.0912638
50.1 0.501441 0.0413286
50.2 0.503066 -0.00902211
50.3 0.499649 -0.0592836
50.4 0.491222 -0.108952
50.5 0.477871 -0.15753
50.6 0.459729 -0.204529
50.7 0.436977 -0.249479
50.8 0.409844 -0.29193
50.9 0.378602 -0.331454
51 0.343564 -0.367657
51.1 0.30508 -0.400175
51.2 0.263537 -0.428682
51.3 0.219351 -0.452893
51.4 0.172965 -0.472563
51.5 0.124844 -0.487497
51.6 0.0754701 -0.497544
51.7 0.0253383 -0.502603
51.8 -0.0250487 -0.502624
51.9 -0.0751859 -0.497606
52 -0.124571 -0.4876
52.1 -0.172708 -0.472705
52.2 -0.219115 -0.45307
52.3 -0.263326 -0.428893
52.4 -0.304899 -0.400416
52.5 -0.343416 -0.367924
52.6 -0.378491 -0.331743
52.7 -0.409773 -0.292235
52.8 -0.436948 -0.249797
52.9 -0.459743 -0.204853
53 -0.477929 -0.157855
53.1 -0.491325 -0.109272
53.2 -0.499796 -0.0595935
53.3 -0.503256 -0.00931594
53.4 -0.501671 0.0410562
53.5 -0.495057 0.0910181
53.6 -0.48348 0.140069
53.7 -0.467056 0.187716
53.8 -0.445949 0.233483
53.9 -0.420371 0.276911
54 -0.390578 0.317564
54.1 -0.356869 0.355034
54.2 -0.319581 0.388945
54.3 -0.279089 0.418959
54.4 -0.235797 0.444773
54.5 -0.190141 0.466129
54.6 -0.142578 0.482812
54.7 -0.0935835 0.494656
54.8 -0.04365 0.501541
54.9 0.00672232 0.503398
55 0.0570285 0.500209
55.1 0.106764 0.492005
55.2 0.155431 0.478869
55.3 0.202541 0.460931
55.4 0.247621 0.438372
55.5 0.29022 0.411418
55.6 0.329911 0.380339
55.7 0.366295 0.345447
55.8 0.399008 0.30709
55.9 0.427722 0.265653
56 0.452149 0.221553
56.1 0.472044 0.17523
56.2 0.487207 0.12715
56.3 0.497485 0.0777934
56.4 0.502777 0.0276558
56.5 0.503029 -0.0227602
56.6 0.498238 -0.0729493
56.7 0.488452 -0.122408
56.8 0.473769 -0.170641
56.9 0.454336 -0.217165
57 0.430348 -0.261513
57.1 0.402044 -0.30324
57.2 0.36971 -0.341928
57.3 0.333669 -0.37719
57.4 0.294282 -0.408671
57.5 0.251943 -0.436055
57.6 0.207078 -0.459069
57.7 0.160136 -0.477482
57.8 0.111587 -0.491108
57.9 0.0619179 -0.499811
58 0.0116272 -0.503504
58.1 -0.0387813 -0.502149
58.2 -0.0888023 -0.49576
58.3 -0.137934 -0.484401
58.4 -0.185685 -0.468186
58.5 -0.231575 -0.447276
58.6 -0.275145 -0.421882
58.7 -0.315957 -0.392259
58.8 -0.353603 -0.358702
58.9 -0.387705 -0.321548
59 -0.417922 -0.281169
59.1 -0.443949 -0.237971
59.2 -0.465526 -0.192387
59.3 -0.482437 -0.144872
59.4 -0.494512 -0.095904
59.5 -0.50163 -0.0459732
59.6 -0.503719 0.00441968
59.7 -0.500759 0.0547695
59.8 -0.492778 0.104572
59.9 -0.479857 0.153327
60 -0.462125 0.200546
60.1 -0.43976 0.245755
60.2 -0.412986 0.288503
60.3 -0.38207 0.328359
60.4 -0.347324 0.364924
60.5 -0.309095 0.397832
60.6 -0.267767 0.426752
60.7 -0.223753 0.451395
60.8 -0.177494 0.471513
60.9 -0.129455 0.486905
61 -0.0801177 0.497416
61.1 -0.0299755 0.502941
61.2 0.0204685 0.503424
61.3 0.0707085 0.49886
61.4 0.120241 0.489295
61.5 0.168569 0.474824
61.6 0.215209 0.455593
61.7 0.259692 0.431794
61.8 0.301573 0.403666
61.9 0.340432 0.37149
62 0.375879 0.33559
62.1 0.407558 0.296324
62.2 0.435153 0.254086
62.3 0.458386 0.209301
62.4 0.477024 0.162416
62.5 0.49088 0.113901
62.6 0.499816 0.0642437
62.7 0.503741 0.0139409
62.8 0.502617 -0.0365029
62.9 0.496453 -0.0865821
63 0.485313 -0.135794
63.1 0.469307 -0.183647
63.2 0.448596 -0.229659
63.3 0.423387 -0.27337
63.4 0.393933 -0.314342
63.5 0.360529 -0.352164
63.6 0.32351 -0.386456
63.7 0.283247 -0.416875
63.8 0.240143 -0.443115
63.9 0.194631 -0.464914
64 0.147166 -0.482052
64.1 0.0982252 -0.494358
64.2 0.0482982 -0.501709
64.3 -0.00211423 -0.50403
64.4 -0.0525067 -0.501299
64.5 -0.102374 -0.493542
64.6 -0.151216 -0.480837
64.7 -0.198544 -0.463311
64.8 -0.243882 -0.44114
64.9 -0.286777 -0.414546
65 -0.326798 -0.383795
65.1 -0.363543 -0.349197
65.2 -0.396645 -0.311096
65.3 -0.425772 -0.269876
65.4 -0.45063 -0.22595
65.5 -0.470972 -0.179757
65.6 -0.486593 -0.131761
65.7 -0.497336 -0.082443
65.8 -0.503094 -0.0322972
65.9 -0.503808 0.0181737
66 -0.499472 0.0684636
66.1 -0.490128 0.118068
66.2 -0.47587 0.166491
66.3 -0.456842 0.213245
66.4 -0.433233 0.257863
66.5 -0.405281 0.299897
66.6 -0.373265 0.338926
66.7 -0.337506 0.374558
66.8 -0.298362 0.406436
66.9 -0.256227 0.43424
67 -0.211522 0.457691
67.1 -0.164695 0.476555
67.2 -0.116216 0.490642
67.3 -0.0665709 0.49981
67.4 -0.0162571 0.503968
67.5 0.034221 0.503074
67.6 0.0843573 0.497136
67.7 0.133649 0.486215
67.8 0.181602 0.470419
67.9 0.227736 0.449907
68 0.271588 0.424884
68.1 0.312719 0.3956
68.2 0.350715 0.36235
68.3 0.385197 0.325467
68.4 0.415817 0.28532
68.5 0.44227 0.242312
68.6 0.46429 0.196873
68.7 0.481656 0.14946
68.8 0.494194 0.100547
68.9 0.501777 0.0506248
69 0.504331 0.000193969
69.1 0.501829 -0.0502401
69.2 0.494296 -0.100172
69.3 0.481807 -0.1491
69.4 0.464488 -0.196536
69.5 0.442512 -0.242002
69.6 0.416099 -0.285043
69.7 0.385514 -0.325228
69.8 0.351064 -0.362153
69.9 0.313093 -0.395449
70 0.271983 -0.424781
70.1 0.228145 -0.449855
70.2 0.182019 -0.47042
70.3 0.134067 -0.48627
70.4 0.0847694 -0.497245
70.5 0.034621 -0.503236
70.6 -0.0158757 -0.504182
70.7 -0.0662146 -0.500074
70.8 -0.115891 -0.490952
70.9 -0.164407 -0.476908
71 -0.211275 -0.458083
71.1 -0.256027 -0.434665
71.2 -0.298214 -0.406889
71.3 -0.337411 -0.375033
71.4 -0.373228 -0.339417
71.5 -0.405303 -0.300397
71.6 -0.433316 -0.258364
71.7 -0.456986 -0.213741
71.8 -0.476075 -0.166974
71.9 -0.490392 -0.118531
72 -0.499794 -0.0688994
72.1 -0.504184 -0.0185756
72.2 -0.503521 0.0319358
72.3 -0.49781 0.0821282
72.4 -0.487108 0.131499
72.5 -0.471523 0.179552
72.6 -0.45121 0.225806
72.7 -0.426373 0.269798
72.8 -0.397261 0.311087
72.9 -0.364167 0.349257
73 -0.32742 0.383928
73.1 -0.28739 0.41475
73.2 -0.244478 0.441415
73.3 -0.199114 0.463656
73.4 -0.151753 0.481249
73.5 -0.102869 0.494018
73.6 -0.0529532 0.501835
73.7 -0.00250488 0.504621
73.8 0.0479698 0.502349
73.9 0.0979648 0.49504
74 0.146979 0.482768
74.1 0.194521 0.465657
74.2 0.240114 0.443876
74.3 0.283301 0.417645
74.4 0.323649 0.387227
74.5 0.360753 0.352926
74.6 0.394242 0.315086
74.7 0.42378 0.274086
74.8 0.449069 0.230338
74.9 0.469858 0.184279
75 0.485937 0.136372
75.1 0.497144 0.0870966
75.2 0.503368 0.0369467
75.3 0.504546 -0.0135748
75.4 0.500666 -0.0639615
75.5 0.491766 -0.113708
75.6 0.477936 -0.162316
75.7 0.459315 -0.209298
75.8 0.436089 -0.254183
75.9 0.40849 -0.296521
76 0.376795 -0.335888
76.1 0.341323 -0.371888
76.2 0.302427 -0.404161
76.3 0.260499 -0.432383
76.4 0.215958 -0.456271
76.5 0.169251 -0.475585
76.6 0.120847 -0.490132
76.7 0.0712292 -0.499766
76.8 0.0208964 -0.50439
76.9 -0.0296471 -0.503958
77 -0.0798947 -0.498474
77.1 -0.129343 -0.487992
77.2 -0.177495 -0.472618
77.3 -0.223869 -0.452505
77.4 -0.268 -0.427855
77.5 -0.309446 -0.398916
77.6 -0.34779 -0.365977
77.7 -0.382649 -0.329368
77.8 -0.413673 -0.289456
77.9 -0.44055 -0.246642
78 -0.463011 -0.201354
78.1 -0.480832 -0.154046
78.2 -0.493832 -0.105192
78.3 -0.501882 -0.0552831
78.4 -0.504901 -0.00481845
78.5 -0.502858 0.0456957
78.6 -0.495775 0.0957531
78.7 -0.48372 0.144852
78.8 -0.466817 0.1925
78.9 -0.445233 0.238219
79 -0.419184 0.281551
79.1 -0.388933 0.322062
79.2 -0.354783 0.359345
79.3 -0.317074 0.393026
79.4 -0.276186 0.422768
79.5 -0.232529 0.448273
79.6 -0.186539 0.469285
79.7 -0.138677 0.485592
79.8 -0.0894248 0.497032
79.9 -0.0392745 0.503489
80 0.0112708 0.504899
80.1 0.0617044 0.501248
80.2 0.111521 0.492571
80.3 0.16022 0.478956
80.4 0.207315 0.460539
80.5 0.252332 0.437505
80.6 0.294821 0.410084
80.7 0.334355 0.378552
80.8 0.370539 0.343224
80.9 0.403008 0.304454
81 0.431439 0.262631
81.1 0.455544 0.218174
81.2 0.475084 0.171528
81.3 0.489861 0.123162
81.4 0.499728 0.0735602
81.5 0.504586 0.0232195
81.6 0.504385 -0.0273551
81.7 0.499127 -0.0776568
81.8 0.488866 -0.127181
81.9 0.473704 -0.175432
82 0.453792 -0.221925
82.1 0.42933 -0.266195
82.2 0.400564 -0.307797
82.3 0.367782 -0.346314
82.4 0.331311 -0.381361
82.5 0.291519 -0.412585
82.6 0.248803 -0.439674
82.7 0.203591 -0.462356
82.8 0.156338 -0.480403
82.9 0.107516 -0.493635
83 0.0576146 -0.501919
83.1 0.00713464 -0.50517
83.2 -0.0434181 -0.503358
83.3 -0.0935368 -0.496499
83.4 -0.142719 -0.484663
83.5 -0.190472 -0.467968
83.6 -0.236316 -0.446581
83.7 -0.279793 -0.420716
83.8 -0.320465 -0.390634
83.9 -0.357926 -0.356634
84 -0.3918 -0.319058
84.1 -0.421747 -0.278283
84.2 -0.447467 -0.234717
84.3 -0.468701 -0.188796
84.4 -0.485237 -0.140982
84.5 -0.496909 -0.0917537
84.6 -0.5036 -0.0416041
84.7 -0.505242 0.00896395
84.8 -0.50182 0.0594434
84.9 -0.493366 0.109328
85 -0.479967 0.158118
85.1 -0.461755 0.205324
85.2 -0.438914 0.250473
85.3 -0.411672 0.293112
85.4 -0.380302 0.332814
85.5 -0.345119 0.36918
85.6 -0.306476 0.401846
85.7 -0.264759 0.430484
85.8 -0.220387 0.454808
85.9 -0.173804 0.474572
86 -0.125478 0.48958
86.1 -0.0758924 0.49968
86.2 -0.0255449 0.504771
86.3 0.0250599 0.504801
86.4 0.0754147 0.499771
86.5 0.125015 0.489731
86.6 0.173363 0.474781
86.7 0.219974 0.455071
86.8 0.264381 0.430798
86.9 0.306139 0.402206
87 0.344829 0.369581
87.1 0.380063 0.33325
87.2 0.411488 0.293577
87.3 0.438788 0.250961
87.4 0.46169 0.205827
87.5 0.479964 0.158629
87.6 0.493427 0.109839
87.7 0.501944 0.0599476
87.8 0.505429 0.0094534
87.9 0.503847 -0.0411368
88 0.497215 -0.0913159
88.1 0.485597 -0.140581
88.2 0.469111 -0.188438
88.3 0.447922 -0.234406
88.4 0.422241 -0.278027
88.5 0.392327 -0.318861
88.6 0.35848 -0.356499
88.7 0.321037 -0.390564
88.8 0.280376 -0.420715
88.9 0.236902 -0.446649
89 0.191053 -0.468106
89.1 0.143287 -0.484871
89.2 0.0940835 -0.496775
89.3 0.0439355 -0.5037
89.4 -0.00665415 -0.505575
89.5 -0.0571784 -0.502382
89.6 -0.107131 -0.494152
89.7 -0.15601 -0.480968
89.8 -0.203327 -0.462962
89.9 -0.248607 -0.440315
90 -0.291395 -0.413253
90.1 -0.331263 -0.382047
90.2 -0.367812 -0.34701
90.3 -0.400674 -0.308494
90.4 -0.42952 -0.266884
90.5 -0.45406 -0.222598
90.6 -0.47405 -0.176079
90.7 -0.489288 -0.127793
90.8 -0.49962 -0.0782256
90.9 -0.504945 -0.0278725
91 -0.505207 0.0227614
91.1 -0.500405 0.0731683
91.2 -0.490586 0.122843
91.3 -0.475849 0.171287
91.4 -0.456341 0.218016
91.5 -0.432258 0.26256
91.6 -0.403841 0.304473
91.7 -0.371374 0.343335
91.8 -0.335184 0.378755
91.9 -0.295632 0.41038
92 -0.253116 0.437891
92.1 -0.208061 0.461013
92.2 -0.16092 0.479515
92.3 -0.112164 0.493209
92.4 -0.062282 0.501959
92.5 -0.0117747 0.505678
92.6 0.038852 0.504327
92.7 0.0890904 0.49792
92.8 0.138437 0.486521
92.9 0.186397 0.470245
93 0.232489 0.449254
93.1 0.276252 0.423759
93.2 0.317247 0.394015
93.3 0.355062 0.36032
93.4 0.389319 0.323012
93.5 0.419674 0.282465
93.6 0.445822 0.239086
93.7 0.467501 0.193308
93.8 0.484494 0.145591
93.9 0.496631 0.096414
94 0.503789 0.0462688
94.1 0.505897 -0.00434149
94.2 0.502934 -0.0549095
94.3 0.494928 -0.104928
94.4 0.481961 -0.153896
94.5 0.464161 -0.201323
94.6 0.441708 -0.246733
94.7 0.414826 -0.28967
94.8 0.383785 -0.329704
94.9 0.348896 -0.366434
95 0.310508 -0.399491
95.1 0.269006 -0.428545
95.2 0.224807 -0.453303
95.3 0.178352 -0.473517
95.4 0.130109 -0.488984
95.5 0.08056 -0.49955
95.6 0.0302022 -0.505109
95.7 -0.0204597 -0.505603
95.8 -0.0709177 -0.501029
95.9 -0.120666 -0.491432
96 -0.169206 -0.476909
96.1 -0.216051 -0.457603
96.2 -0.260731 -0.43371
96.3 -0.302798 -0.405469
96.4 -0.341831 -0.373162
96.5 -0.377438 -0.337113
96.6 -0.409262 -0.297683
96.7 -0.436984 -0.255269
96.8 -0.460326 -0.210294
96.9 -0.479054 -0.16321
97 -0.49298 -0.114488
97.1 -0.501964 -0.0646179
97.2 -0.505916 -0.0140985
97.3 -0.504796 0.0365636
97.4 -0.498616 0.0868604
97.5 -0.487436 0.136288
97.6 -0.47137 0.18435
97.7 -0.450579 0.230565
97.8 -0.425269 0.27447
97.9 -0.395696 0.315625
98 -0.362155 0.353616
98.1 -0.324983 0.388064
98.2 -0.284551 0.418622
98.3 -0.241266 0.444984
98.4 -0.195562 0.466885
98.5 -0.147895 0.484107
98.6 -0.0987451 0.496476
98.7 -0.0486038 0.503868
98.8 0.00202602 0.506209
98.9 0.0526368 0.503476
99 0.102721 0.495694
99.1 0.151777 0.482944
99.2 0.199313 0.465351
99.3 0.244851 0.443093
99.4 0.287936 0.416393
99.5 0.328136 0.385517
99.6 0.365047 0.350776
99.7 0.398299 0.312518
99.8 0.427559 0.271125
99.9 0.452534 0.227013
100 0.472973 0.180625
