0.1 0.497502 -0.0499167
0.2 0.490033 -0.0993346
0.3 0.477668 -0.14776
0.4 0.460531 -0.194709
0.5 0.438791 -0.239713
0.6 0.412668 -0.282321
0.7 0.382421 -0.322109
0.8 0.348354 -0.358678
0.9 0.310805 -0.391663
1 0.270151 -0.420735
1.1 0.226798 -0.445603
1.2 0.181179 -0.466019
1.3 0.13375 -0.481779
1.4 0.0849841 -0.492725
1.5 0.0353692 -0.498747
1.6 -0.0145991 -0.499787
1.7 -0.0644215 -0.495832
1.8 -0.1136 -0.486924
1.9 -0.161644 -0.47315
2 -0.208073 -0.454649
2.1 -0.252422 -0.431605
2.2 -0.29425 -0.404249
2.3 -0.333137 -0.372853
2.4 -0.368696 -0.337732
2.5 -0.400571 -0.299237
2.6 -0.428444 -0.257752
2.7 -0.452036 -0.213691
2.8 -0.471111 -0.167495
2.9 -0.485479 -0.119626
3 -0.494996 -0.0705612
3.1 -0.499567 -0.0207916
3.2 -0.499147 0.0291857
3.3 -0.49374 0.0788715
3.4 -0.483399 0.127769
3.5 -0.468229 0.17539
3.6 -0.44838 0.221259
3.7 -0.424051 0.264917
3.8 -0.395485 0.305928
3.9 -0.362967 0.343882
4 -0.326823 0.3784
4.1 -0.287413 0.409137
4.2 -0.245132 0.435787
4.3 -0.200401 0.458082
4.4 -0.153668 0.4758
4.5 -0.1054 0.488765
4.6 -0.0560781 0.496845
4.7 -0.00619628 0.499961
4.8 0.0437475 0.498082
4.9 0.0932542 0.491227
5 0.141829 0.479463
5.1 0.188987 0.462908
5.2 0.234256 0.441728
5.3 0.277185 0.416135
5.4 0.317345 0.386384
5.5 0.354333 0.352772
5.6 0.387781 0.315635
5.7 0.417355 0.275345
5.8 0.442758 0.232303
5.9 0.463738 0.186941
6 0.480084 0.13971
6.1 0.491634 0.0910837
6.2 0.498271 0.0415472
6.3 0.499929 -0.00840433
6.4 0.496593 -0.0582719
6.5 0.488294 -0.107557
6.6 0.475117 -0.155768
6.7 0.457192 -0.202422
6.8 0.4347 -0.247054
6.9 0.407864 -0.289217
7 0.376953 -0.328491
7.1 0.342275 -0.364482
7.2 0.304178 -0.396832
7.3 0.263041 -0.425217
7.4 0.219276 -0.449352
7.5 0.17332 -0.468999
7.6 0.125633 -0.483959
7.7 0.07669 -0.494083
7.8 0.0269809 -0.499271
7.9 -0.0229978 -0.499471
8 -0.0727467 -0.494679
8.1 -0.121769 -0.484945
8.2 -0.169574 -0.470366
8.3 -0.215685 -0.451087
8.4 -0.259641 -0.427301
8.5 -0.301003 -0.399245
8.6 -0.339357 -0.367201
8.7 -0.374321 -0.331487
8.8 -0.405544 -0.292461
8.9 -0.432715 -0.250513
9 -0.455563 -0.206063
9.1 -0.473859 -0.159553
9.2 -0.487421 -0.111449
9.3 -0.496112 -0.062231
9.4 -0.499846 -0.0123916
9.5 -0.498586 0.0375716
9.6 -0.492344 0.0871594
9.7 -0.481183 0.135876
9.8 -0.465214 0.183236
9.9 -0.444597 0.228764
10 -0.419538 0.272007
10.1 -0.390286 0.312532
10.2 -0.357136 0.349934
10.3 -0.320416 0.38384
10.4 -0.280496 0.413911
10.5 -0.237772 0.439845
10.6 -0.192673 0.461386
10.7 -0.145649 0.478316
10.8 -0.0971693 0.490467
10.9 -0.0477189 0.497717
11 0.00220828 0.499995
11.1 0.0521134 0.497276
11.2 0.101498 0.489589
11.3 0.149868 0.477011
11.4 0.196741 0.459666
11.5 0.241648 0.437728
11.6 0.284141 0.411417
11.7 0.323794 0.380995
11.8 0.360213 0.346766
11.9 0.393032 0.309072
12 0.421924 0.26829
12.1 0.4466 0.224828
12.2 0.466815 0.179119
12.3 0.482365 0.131621
12.4 0.493095 0.0828071
12.5 0.498898 0.0331661
12.6 0.499717 -0.0168063
12.7 0.495543 -0.0666107
12.8 0.486417 -0.11575
12.9 0.472431 -0.163732
13 0.453725 -0.210078
13.1 0.430486 -0.254326
13.2 0.402945 -0.296032
13.3 0.371378 -0.33478
13.4 0.3361 -0.370184
13.5 0.297465 -0.401889
13.6 0.255857 -0.429578
13.7 0.211692 -0.452975
13.8 0.165413 -0.471845
13.9 0.11748 -0.486002
14 0.0683743 -0.495302
14.1 0.018585 -0.499654
14.2 -0.0313899 -0.499013
14.3 -0.0810513 -0.493386
14.4 -0.129903 -0.48283
14.5 -0.177456 -0.467449
14.6 -0.223237 -0.447398
14.7 -0.266787 -0.422876
14.8 -0.307671 -0.394129
14.9 -0.345481 -0.361445
15 -0.37984 -0.325148
15.1 -0.410403 -0.285603
15.2 -0.436865 -0.243205
15.3 -0.458962 -0.198376
15.4 -0.476474 -0.151565
15.5 -0.489225 -0.10324
15.6 -0.497088 -0.0538832
15.7 -0.499984 -0.00398811
15.8 -0.497884 0.0459468
15.9 -0.490809 0.0954227
16 -0.478831 0.143945
16.1 -0.462068 0.191029
16.2 -0.440689 0.236205
16.3 -0.414906 0.27902
16.4 -0.384978 0.319048
16.5 -0.351203 0.355887
16.6 -0.313919 0.389171
16.7 -0.273498 0.418567
16.8 -0.230345 0.44378
16.9 -0.18489 0.464559
17 -0.137588 0.480696
17.1 -0.0889114 0.492031
17.2 -0.0393462 0.498449
17.3 0.0106122 0.499887
17.4 0.0604646 0.49633
17.5 0.109713 0.487814
17.6 0.157865 0.474424
17.7 0.204439 0.456294
17.8 0.248971 0.433604
17.9 0.291016 0.406582
18 0.330152 0.375498
18.1 0.36599 0.340662
18.2 0.398171 0.302422
18.3 0.426374 0.26116
18.4 0.450316 0.217289
18.5 0.469759 0.171247
18.6 0.484509 0.123494
18.7 0.494417 0.0745071
18.8 0.499385 0.0247756
18.9 0.499364 -0.0252035
19 0.494353 -0.0749307
19.1 0.484403 -0.123909
19.2 0.469612 -0.17165
19.3 0.45013 -0.217675
19.4 0.42615 -0.261526
19.5 0.397912 -0.302763
19.6 0.365698 -0.340975
19.7 0.32983 -0.375781
19.8 0.290667 -0.406832
19.9 0.2486 -0.433817
20 0.204048 -0.456469
20.1 0.157458 -0.474559
20.2 0.109295 -0.487908
20.3 0.0600392 -0.496381
20.4 0.0101839 -0.499896
20.5 -0.0397732 -0.498415
20.6 -0.089333 -0.491954
20.7 -0.138 -0.480578
20.8 -0.185288 -0.4644
20.9 -0.230725 -0.443582
21 -0.273857 -0.418332
21.1 -0.314252 -0.388902
21.2 -0.351508 -0.355586
21.3 -0.385251 -0.318718
21.4 -0.415145 -0.278664
21.5 -0.440891 -0.235827
21.6 -0.462232 -0.190633
21.7 -0.478954 -0.143535
21.8 -0.490891 -0.0950021
21.9 -0.497923 -0.0455202
22 -0.49998 0.00441651
22.1 -0.497041 0.0543091
22.2 -0.489136 0.103659
22.3 -0.476344 0.151973
22.4 -0.458792 0.198769
22.5 -0.436656 0.243579
22.6 -0.410157 0.285955
22.7 -0.379561 0.325473
22.8 -0.345171 0.36174
22.9 -0.307333 0.394393
23 -0.266424 0.423104
23.1 -0.222853 0.447589
23.2 -0.177056 0.467601
23.3 -0.129489 0.482941
23.4 -0.0806284 0.493455
23.5 -0.0309623 0.49904
23.6 0.0190131 0.499638
23.7 0.0687986 0.495243
23.8 0.117897 0.485901
23.9 0.165817 0.471703
24 0.21208 0.452793
24.1 0.256224 0.429358
24.2 0.297809 0.401633
24.3 0.336417 0.369895
24.4 0.371664 0.334462
24.5 0.403198 0.295686
24.6 0.430703 0.253957
24.7 0.453905 0.209689
24.8 0.472571 0.163327
24.9 0.486516 0.115333
25 0.495599 0.066186
25.1 0.499731 0.0163781
25.2 0.498869 -0.0335935
25.3 0.493023 -0.0832295
25.4 0.482251 -0.132034
25.5 0.466661 -0.179519
25.6 0.446407 -0.22521
25.7 0.421694 -0.268652
25.8 0.392766 -0.309409
25.9 0.359915 -0.347074
26 0.323467 -0.381272
26.1 0.283788 -0.41166
26.2 0.241273 -0.437934
26.3 0.196347 -0.459834
26.4 0.149459 -0.477138
26.5 0.101078 -0.489676
26.6 0.0516872 -0.49732
26.7 0.00177986 -0.499996
26.8 -0.0481453 -0.497676
26.9 -0.0975894 -0.490383
27 -0.146058 -0.47819
27.1 -0.193068 -0.46122
27.2 -0.238149 -0.439641
27.3 -0.28085 -0.41367
27.4 -0.320745 -0.383565
27.5 -0.357435 -0.349628
27.6 -0.390554 -0.312197
27.7 -0.41977 -0.271647
27.8 -0.444792 -0.228383
27.9 -0.465371 -0.182837
28 -0.481299 -0.135464
28.1 -0.492418 -0.0867374
28.2 -0.498617 -0.0371443
28.3 -0.499835 0.0128199
28.4 -0.496058 0.062656
28.5 -0.487324 0.111866
28.6 -0.473722 0.159958
28.7 -0.455386 0.206453
28.8 -0.4325 0.250884
28.9 -0.405293 0.292808
29 -0.374036 0.331807
29.1 -0.339042 0.367491
29.2 -0.30066 0.399503
29.3 -0.259275 0.427523
29.4 -0.215298 0.451271
29.5 -0.169171 0.470511
29.6 -0.121353 0.485049
29.7 -0.0723227 0.494741
29.8 -0.0225698 0.499489
29.9 0.0274087 0.499247
30 0.0771133 0.494017
30.1 0.126047 0.48385
30.2 0.173722 0.468849
30.3 0.219661 0.449164
30.4 0.263405 0.42499
30.5 0.304517 0.39657
30.6 0.342587 0.364188
30.7 0.377234 0.328167
30.8 0.408111 0.288867
30.9 0.434911 0.246681
31 0.457365 0.20203
31.1 0.475249 0.155361
31.2 0.488385 0.107139
31.3 0.496641 0.0578463
31.4 0.499935 0.00797595
31.5 0.498234 -0.0419741
31.6 0.491554 -0.0915048
31.7 0.479964 -0.140121
31.8 0.463577 -0.187337
31.9 0.442558 -0.232682
32 0.417118 -0.275702
32.1 0.38751 -0.315967
32.2 0.35403 -0.353074
32.3 0.317013 -0.386655
32.4 0.276828 -0.416371
32.5 0.233877 -0.441928
32.6 0.18859 -0.463069
32.7 0.141418 -0.479583
32.8 0.092833 -0.491305
32.9 0.0433206 -0.498119
33 -0.00662466 -0.499955
33.1 -0.0565037 -0.496796
33.2 -0.105818 -0.488673
33.3 -0.154075 -0.475668
33.4 -0.200793 -0.457909
33.5 -0.245505 -0.435576
33.6 -0.287763 -0.40889
33.7 -0.327146 -0.378119
33.8 -0.363261 -0.34357
33.9 -0.395746 -0.305588
34 -0.424277 -0.264553
34.1 -0.448568 -0.220874
34.2 -0.468378 -0.174989
34.3 -0.483508 -0.127355
34.4 -0.493806 -0.0784482
34.5 -0.499171 -0.028758
34.6 -0.499548 0.0212196
34.7 -0.494934 0.0709852
34.8 -0.485375 0.120041
34.9 -0.470966 0.167898
35 -0.451851 0.214078
35.1 -0.428222 0.258118
35.2 -0.400314 0.299579
35.3 -0.368406 0.338047
35.4 -0.332817 0.373138
35.5 -0.293903 0.4045
35.6 -0.252052 0.43182
35.7 -0.207683 0.454826
35.8 -0.161238 0.473287
35.9 -0.113183 0.48702
36 -0.0639965 0.495886
36.1 -0.0141708 0.499798
36.2 0.0357965 0.498716
36.3 0.0854061 0.492651
36.4 0.134162 0.481663
36.5 0.181578 0.465863
36.6 0.22718 0.445408
36.7 0.270511 0.420503
36.8 0.31114 0.391396
36.9 0.34866 0.358378
37 0.382696 0.32178
37.1 0.412909 0.281967
37.2 0.438995 0.239336
37.3 0.460696 0.194314
37.4 0.477793 0.14735
37.5 0.490117 0.0989144
37.6 0.497543 0.0494902
37.7 0.499999 -0.000428425
37.8 0.497458 -0.0503428
37.9 0.489947 -0.0997542
38 0.47754 -0.148169
38.1 0.460362 -0.195103
38.2 0.438585 -0.240088
38.3 0.412425 -0.282674
38.4 0.382144 -0.322435
38.5 0.348045 -0.358975
38.6 0.310469 -0.391928
38.7 0.26979 -0.420965
38.8 0.226416 -0.445796
38.9 0.180779 -0.466173
39 0.133337 -0.481892
39.1 0.0845617 -0.492796
39.2 0.0349418 -0.498776
39.3 -0.0150273 -0.499773
39.4 -0.0648462 -0.495776
39.5 -0.114017 -0.486825
39.6 -0.162049 -0.47301
39.7 -0.208462 -0.454469
39.8 -0.252791 -0.431387
39.9 -0.294595 -0.403995
40 -0.333456 -0.372567
40.1 -0.368984 -0.337415
40.2 -0.400826 -0.298893
40.3 -0.428663 -0.257384
40.4 -0.452217 -0.213303
40.5 -0.471253 -0.167091
40.6 -0.48558 -0.119209
40.7 -0.495055 -0.0701369
40.8 -0.499584 -0.0203635
40.9 -0.499121 0.0296133
41 -0.493671 0.0792943
41.1 -0.483288 0.128183
41.2 -0.468077 0.175791
41.3 -0.448189 0.221642
41.4 -0.423822 0.265279
41.5 -0.395221 0.306266
41.6 -0.362671 0.344192
41.7 -0.326498 0.378679
41.8 -0.287062 0.409383
41.9 -0.244758 0.435996
42 -0.200008 0.458252
42.1 -0.15326 0.475931
42.2 -0.104981 0.488853
42.3 -0.0556523 0.496892
42.4 -0.00576787 0.499965
42.5 0.0441741 0.498043
42.6 0.0936748 0.491145
42.7 0.142239 0.47934
42.8 0.189383 0.462745
42.9 0.234634 0.441526
43 0.277541 0.415896
43.1 0.317675 0.38611
43.2 0.354634 0.352467
43.3 0.388051 0.315302
43.4 0.41759 0.274986
43.5 0.442956 0.231923
43.6 0.463897 0.186543
43.7 0.480203 0.139298
43.8 0.49171 0.0906622
43.9 0.498305 0.0411202
44 0.49992 -0.00883267
44.1 0.496541 -0.0586973
44.2 0.488201 -0.107975
44.3 0.474982 -0.156175
44.4 0.457018 -0.202813
44.5 0.434487 -0.247426
44.6 0.407615 -0.289566
44.7 0.37667 -0.328813
44.8 0.341962 -0.364775
44.9 0.303837 -0.397091
45 0.262676 -0.425441
45.1 0.218891 -0.449539
45.2 0.172918 -0.469146
45.3 0.125218 -0.484065
45.4 0.0762665 -0.494148
45.5 0.026553 -0.499293
45.6 -0.0234257 -0.499449
45.7 -0.0731703 -0.494616
45.8 -0.122184 -0.48484
45.9 -0.169977 -0.470219
46 -0.216071 -0.450901
46.1 -0.260007 -0.427077
46.2 -0.301344 -0.398986
46.3 -0.339671 -0.366909
46.4 -0.374604 -0.331165
46.5 -0.405794 -0.292113
46.6 -0.432929 -0.250142
46.7 -0.455739 -0.205672
46.8 -0.473995 -0.159146
46.9 -0.487515 -0.111031
47 -0.496164 -0.0618057
47.1 -0.499855 -0.0119633
47.2 -0.498552 0.0379987
47.3 -0.492268 0.087581
47.4 -0.481065 0.136288
47.5 -0.465056 0.183634
47.6 -0.4444 0.229144
47.7 -0.419303 0.272366
47.8 -0.390017 0.312865
47.9 -0.356835 0.350239
48 -0.320086 0.384113
48.1 -0.28014 0.41415
48.2 -0.237395 0.440048
48.3 -0.192277 0.461549
48.4 -0.145239 0.478439
48.5 -0.0967487 0.490549
48.6 -0.0472923 0.497757
48.7 0.00263669 0.499991
48.8 0.0525393 0.49723
48.9 0.101917 0.489501
49 0.150276 0.476881
49.1 0.197134 0.459496
49.2 0.242022 0.43752
49.3 0.284492 0.411172
49.4 0.32412 0.380716
49.5 0.360509 0.346456
49.6 0.393295 0.308734
49.7 0.422153 0.267928
49.8 0.446792 0.224445
49.9 0.466967 0.178719
50 0.482476 0.131207
50.1 0.493164 0.0823843
50.2 0.498925 0.0327385
50.3 0.499701 -0.0172344
50.4 0.495484 -0.0670351
50.5 0.486316 -0.116166
50.6 0.47229 -0.164136
50.7 0.453544 -0.210467
50.8 0.430266 -0.254694
50.9 0.40269 -0.296376
51 0.37109 -0.335098
51.1 0.335782 -0.370471
51.2 0.297119 -0.402142
51.3 0.255488 -0.429796
51.4 0.211303 -0.453155
51.5 0.165008 -0.471986
51.6 0.117064 -0.486101
51.7 0.0679497 -0.49536
51.8 0.0181568 -0.499668
51.9 -0.0318174 -0.498985
52 -0.0814738 -0.493316
52.1 -0.130316 -0.482717
52.2 -0.177856 -0.467296
52.3 -0.223619 -0.447205
52.4 -0.267148 -0.422646
52.5 -0.308008 -0.393865
52.6 -0.34579 -0.361147
52.7 -0.380117 -0.324822
52.8 -0.410646 -0.285251
52.9 -0.437072 -0.24283
53 -0.459131 -0.197982
53.1 -0.476602 -0.151156
53.2 -0.489312 -0.10282
53.3 -0.497132 -0.0534571
53.4 -0.499985 -0.00355968
53.5 -0.497843 0.0463733
53.6 -0.490726 0.095843
53.7 -0.478706 0.144355
53.8 -0.461903 0.191425
53.9 -0.440485 0.236582
54 -0.414666 0.279375
54.1 -0.384703 0.319377
54.2 -0.350897 0.356187
54.3 -0.313585 0.389439
54.4 -0.273139 0.4188
54.5 -0.229964 0.443976
54.6 -0.184492 0.464716
54.7 -0.137176 0.480813
54.8 -0.0884896 0.492105
54.9 -0.038919 0.498481
55 0.0110405 0.499876
55.1 0.0608897 0.496277
55.2 0.11013 0.487719
55.3 0.158271 0.474287
55.4 0.20483 0.456117
55.5 0.249342 0.43339
55.6 0.291363 0.406332
55.7 0.330473 0.375214
55.8 0.366281 0.340347
55.9 0.398429 0.30208
56 0.426596 0.260794
56.1 0.450501 0.216903
56.2 0.469905 0.170844
56.3 0.484613 0.123079
56.4 0.494479 0.0740832
56.5 0.499405 0.0243476
56.6 0.499341 -0.0256313
56.7 0.494287 -0.0753541
56.8 0.484295 -0.124324
56.9 0.469464 -0.172052
57 0.449942 -0.21806
57.1 0.425924 -0.26189
57.2 0.397651 -0.303103
57.3 0.365405 -0.341288
57.4 0.329507 -0.376062
57.5 0.290318 -0.407079
57.6 0.248227 -0.434029
57.7 0.203657 -0.456642
57.8 0.157051 -0.474692
57.9 0.108876 -0.488
58 0.0596137 -0.496431
58.1 0.00975551 -0.499903
58.2 -0.0402002 -0.498379
58.3 -0.0897542 -0.491876
58.4 -0.138411 -0.480458
58.5 -0.185686 -0.46424
58.6 -0.231105 -0.443383
58.7 -0.274215 -0.418096
58.8 -0.314585 -0.388632
58.9 -0.351811 -0.355284
59 -0.385523 -0.318387
59.1 -0.415383 -0.278308
59.2 -0.441092 -0.235449
59.3 -0.462394 -0.190237
59.4 -0.479076 -0.143124
59.5 -0.490971 -0.0945812
59.6 -0.49796 -0.0450934
59.7 -0.499974 0.00484491
59.8 -0.496993 0.0547348
59.9 -0.489046 0.104078
60 -0.476212 0.152381
60.1 -0.45862 0.199162
60.2 -0.436446 0.243952
60.3 -0.409911 0.286305
60.4 -0.379281 0.325798
60.5 -0.34486 0.362035
60.6 -0.306994 0.394655
60.7 -0.266061 0.423331
60.8 -0.222469 0.447778
60.9 -0.176654 0.467751
61 -0.129075 0.48305
61.1 -0.0802054 0.493523
61.2 -0.0305346 0.499065
61.3 0.0194412 0.49962
61.4 0.0692228 0.495183
61.5 0.118313 0.485798
61.6 0.16622 0.47156
61.7 0.212467 0.45261
61.8 0.256592 0.429137
61.9 0.298152 0.401377
62 0.336733 0.369606
62.1 0.37195 0.334142
62.2 0.40345 0.29534
62.3 0.430919 0.253587
62.4 0.454083 0.2093
62.5 0.47271 0.162922
62.6 0.486613 0.114915
62.7 0.495654 0.0657612
62.8 0.499743 0.0159498
62.9 0.498839 -0.0340209
63 0.492951 -0.0836517
63.1 0.482137 -0.132447
63.2 0.466505 -0.179918
63.3 0.446213 -0.225592
63.4 0.421462 -0.269012
63.5 0.3925 -0.309744
63.6 0.359616 -0.347381
63.7 0.32314 -0.381548
63.8 0.283434 -0.411902
63.9 0.240897 -0.43814
64 0.195952 -0.460001
64.1 0.14905 -0.477265
64.2 0.100658 -0.489761
64.3 0.0512609 -0.497363
64.4 0.00135143 -0.499996
64.5 -0.0485716 -0.497633
64.6 -0.0980093 -0.490298
64.7 -0.146468 -0.478064
64.8 -0.193463 -0.461053
64.9 -0.238525 -0.439436
65 -0.281203 -0.413428
65.1 -0.321072 -0.383289
65.2 -0.357733 -0.34932
65.3 -0.39082 -0.311861
65.4 -0.420002 -0.271286
65.5 -0.444987 -0.228001
65.6 -0.465526 -0.182437
65.7 -0.481413 -0.135051
65.8 -0.492491 -0.0863152
65.9 -0.498648 -0.036717
66 -0.499822 0.0132481
66.1 -0.496003 0.0630809
66.2 -0.487227 0.112283
66.3 -0.473583 0.160364
66.4 -0.455208 0.206842
66.5 -0.432284 0.251254
66.6 -0.405041 0.293155
66.7 -0.373751 0.332127
66.8 -0.338726 0.36778
66.9 -0.300317 0.399759
67 -0.258907 0.427744
67.1 -0.214911 0.451454
67.2 -0.168767 0.470654
67.3 -0.120937 0.485151
67.4 -0.0718986 0.494801
67.5 -0.0221417 0.499507
67.6 0.0278364 0.499222
67.7 0.0775363 0.493949
67.8 0.126462 0.483741
67.9 0.174123 0.468699
68 0.220045 0.448974
68.1 0.263768 0.424763
68.2 0.304856 0.396308
68.3 0.342898 0.363894
68.4 0.377514 0.327843
68.5 0.408357 0.288517
68.6 0.435121 0.246308
68.7 0.457537 0.201638
68.8 0.475381 0.154953
68.9 0.488476 0.10672
69 0.49669 0.0574206
69.1 0.499941 0.00754756
69.2 0.498197 -0.0424009
69.3 0.491475 -0.0919257
69.4 0.479842 -0.140532
69.5 0.463415 -0.187734
69.6 0.442358 -0.233061
69.7 0.416881 -0.276058
69.8 0.387238 -0.316298
69.9 0.353726 -0.353377
70 0.316681 -0.386925
70.1 0.27647 -0.416607
70.2 0.233498 -0.442127
70.3 0.188192 -0.463229
70.4 0.141007 -0.479703
70.5 0.0924118 -0.491383
70.6 0.0428937 -0.498154
70.7 -0.00705303 -0.499948
70.8 -0.0569292 -0.496746
70.9 -0.106237 -0.488581
71 -0.154483 -0.475534
71.1 -0.201185 -0.457736
71.2 -0.245877 -0.435364
71.3 -0.288113 -0.408642
71.4 -0.327469 -0.377838
71.5 -0.363554 -0.343258
71.6 -0.396007 -0.305248
71.7 -0.424502 -0.264188
71.8 -0.448756 -0.220489
71.9 -0.468526 -0.174587
72 -0.483615 -0.12694
72.1 -0.493872 -0.0780249
72.2 -0.499194 -0.0283302
72.3 -0.499529 0.0216476
72.4 -0.494872 0.0714091
72.5 -0.485271 0.120457
72.6 -0.470821 0.168301
72.7 -0.451666 0.214464
72.8 -0.427999 0.258484
72.9 -0.400056 0.299921
73 -0.368115 0.338362
73.1 -0.332496 0.373422
73.2 -0.293555 0.40475
73.3 -0.251681 0.432035
73.4 -0.207292 0.455003
73.5 -0.160832 0.473424
73.6 -0.112765 0.487115
73.7 -0.0635714 0.49594
73.8 -0.0137425 0.499809
73.9 0.0362237 0.498684
74 0.085828 0.492576
74.1 0.134575 0.481547
74.2 0.181977 0.465706
74.3 0.227561 0.445212
74.4 0.270871 0.42027
74.5 0.311474 0.391128
74.6 0.348966 0.358078
74.7 0.382971 0.321451
74.8 0.413149 0.281612
74.9 0.439199 0.238959
75 0.460861 0.193919
75.1 0.477918 0.14694
75.2 0.4902 0.0984942
75.3 0.497584 0.0490638
75.4 0.499997 -0.000856847
75.5 0.497413 -0.0507689
75.6 0.48986 -0.100174
75.7 0.477412 -0.148578
75.8 0.460194 -0.195497
75.9 0.438378 -0.240463
76 0.412181 -0.283026
76.1 0.381867 -0.322762
76.2 0.347737 -0.359272
76.3 0.310132 -0.392193
76.4 0.269429 -0.421195
76.5 0.226033 -0.445989
76.6 0.180379 -0.466327
76.7 0.132923 -0.482005
76.8 0.0841392 -0.492867
76.9 0.0345143 -0.498805
77 -0.0154555 -0.499758
77.1 -0.0652708 -0.495719
77.2 -0.114434 -0.486726
77.3 -0.162454 -0.47287
77.4 -0.20885 -0.454289
77.5 -0.25316 -0.43117
77.6 -0.294941 -0.403742
77.7 -0.333774 -0.37228
77.8 -0.369272 -0.337098
77.9 -0.401081 -0.298548
78 -0.428883 -0.257016
78.1 -0.452399 -0.212915
78.2 -0.471395 -0.166687
78.3 -0.48568 -0.118793
78.4 -0.495114 -0.0697125
78.5 -0.4996 -0.0199354
78.6 -0.499094 0.0300409
78.7 -0.493602 0.0797171
78.8 -0.483177 0.128597
78.9 -0.467925 0.176191
79 -0.447998 0.222026
79.1 -0.423594 0.265642
79.2 -0.394958 0.306603
79.3 -0.362375 0.344502
79.4 -0.326172 0.378958
79.5 -0.28671 0.409627
79.6 -0.244383 0.436204
79.7 -0.199615 0.458422
79.8 -0.152852 0.47606
79.9 -0.104561 0.488942
80 -0.0552263 0.496938
80.1 -0.00533946 0.499969
80.2 0.0446008 0.498004
80.3 0.0940953 0.491063
80.4 0.14265 0.479216
80.5 0.189779 0.462581
80.6 0.235012 0.441324
80.7 0.277897 0.415657
80.8 0.318005 0.385837
80.9 0.354935 0.352162
81 0.38832 0.314968
81.1 0.417824 0.274628
81.2 0.443154 0.231543
81.3 0.464055 0.186145
81.4 0.48032 0.138886
81.5 0.491786 0.0902406
81.6 0.498338 0.0406931
81.7 0.499911 -0.009261
81.8 0.496489 -0.0591226
81.9 0.488107 -0.108393
82 0.474847 -0.156581
82.1 0.456843 -0.203204
82.2 0.434274 -0.247797
82.3 0.407366 -0.289914
82.4 0.376387 -0.329135
82.5 0.341648 -0.365066
82.6 0.303496 -0.397351
82.7 0.262311 -0.425664
82.8 0.218505 -0.449725
82.9 0.172516 -0.469293
83 0.124803 -0.484171
83.1 0.0758428 -0.494211
83.2 0.0261252 -0.499314
83.3 -0.0238536 -0.499428
83.4 -0.0735939 -0.494551
83.5 -0.122599 -0.484734
83.6 -0.170379 -0.470072
83.7 -0.216457 -0.450715
83.8 -0.260372 -0.426853
83.9 -0.301685 -0.398727
84 -0.339984 -0.366617
84.1 -0.374886 -0.330843
84.2 -0.406043 -0.291764
84.3 -0.433142 -0.24977
84.4 -0.455913 -0.20528
84.5 -0.47413 -0.15874
84.6 -0.487608 -0.110613
84.7 -0.496215 -0.0613804
84.8 -0.499864 -0.0115349
84.9 -0.498518 0.0384258
85 -0.492192 0.0880026
85.1 -0.480947 0.1367
85.2 -0.464897 0.184032
85.3 -0.444202 0.229525
85.4 -0.419069 0.272724
85.5 -0.389748 0.313199
85.6 -0.356533 0.350544
85.7 -0.319756 0.384386
85.8 -0.279784 0.414388
85.9 -0.237017 0.44025
86 -0.191881 0.461713
86.1 -0.144828 0.478562
86.2 -0.0963281 0.49063
86.3 -0.0468656 0.497796
86.4 0.0030651 0.499988
86.5 0.0529652 0.497184
86.6 0.102336 0.489412
86.7 0.150685 0.476751
86.8 0.197527 0.459326
86.9 0.242397 0.437311
87 0.284844 0.410927
87.1 0.324445 0.380437
87.2 0.360804 0.346146
87.3 0.393559 0.308397
87.4 0.422381 0.267566
87.5 0.446983 0.224061
87.6 0.467118 0.178318
87.7 0.482587 0.130793
87.8 0.493233 0.0819615
87.9 0.498952 0.0323109
88 0.499685 -0.0176625
88.1 0.495425 -0.0674595
88.2 0.486215 -0.116582
88.3 0.472148 -0.164541
88.4 0.453362 -0.210855
88.5 0.430047 -0.255062
88.6 0.402435 -0.296721
88.7 0.370802 -0.335415
88.8 0.335464 -0.370757
88.9 0.296774 -0.402396
89 0.255119 -0.430013
89.1 0.210915 -0.453334
89.2 0.164603 -0.472126
89.3 0.116647 -0.4862
89.4 0.067525 -0.495416
89.5 0.0177286 -0.499682
89.6 -0.0322449 -0.498956
89.7 -0.0818963 -0.493244
89.8 -0.130729 -0.482604
89.9 -0.178256 -0.467142
90 -0.224002 -0.447012
90.1 -0.26751 -0.422416
90.2 -0.308344 -0.3936
90.3 -0.346098 -0.36085
90.4 -0.380394 -0.324495
90.5 -0.410889 -0.284898
90.6 -0.437279 -0.242454
90.7 -0.459299 -0.197588
90.8 -0.476731 -0.150748
90.9 -0.489399 -0.102401
91 -0.497177 -0.053031
91.1 -0.499987 -0.00313126
91.2 -0.497802 0.0467998
91.3 -0.490643 0.0962632
91.4 -0.478581 0.144765
91.5 -0.461738 0.19182
91.6 -0.440281 0.236958
91.7 -0.414425 0.279729
91.8 -0.384429 0.319705
91.9 -0.350591 0.356487
92 -0.31325 0.389707
92.1 -0.272779 0.419033
92.2 -0.229583 0.444172
92.3 -0.184093 0.464873
92.4 -0.136764 0.480929
92.5 -0.0880676 0.49218
92.6 -0.0384917 0.498513
92.7 0.0114688 0.499865
92.8 0.0613147 0.496223
92.9 0.110548 0.487623
93 0.158677 0.47415
93.1 0.20522 0.45594
93.2 0.249713 0.433175
93.3 0.291711 0.406081
93.4 0.330794 0.37493
93.5 0.366572 0.340032
93.6 0.398687 0.301738
93.7 0.426818 0.260428
93.8 0.450686 0.216516
93.9 0.47005 0.170441
94 0.484717 0.122663
94.1 0.494541 0.0736593
94.2 0.499424 0.0239196
94.3 0.499317 -0.0260591
94.4 0.494221 -0.0757774
94.5 0.484187 -0.124739
94.6 0.469315 -0.172453
94.7 0.449754 -0.218445
94.8 0.425699 -0.262254
94.9 0.39739 -0.303443
95 0.365111 -0.3416
95.1 0.329184 -0.376344
95.2 0.289968 -0.407327
95.3 0.247855 -0.43424
95.4 0.203265 -0.456815
95.5 0.156644 -0.474826
95.6 0.108458 -0.488092
95.7 0.0591882 -0.496481
95.8 0.00932714 -0.49991
95.9 -0.0406271 -0.498343
96 -0.0901754 -0.491798
96.1 -0.138823 -0.480338
96.2 -0.186083 -0.46408
96.3 -0.231484 -0.443184
96.4 -0.274572 -0.41786
96.5 -0.314917 -0.388361
96.6 -0.352115 -0.354982
96.7 -0.385795 -0.318055
96.8 -0.41562 -0.277951
96.9 -0.441292 -0.23507
97 -0.462555 -0.18984
97.1 -0.479197 -0.142713
97.2 -0.49105 -0.0941602
97.3 -0.497998 -0.0446666
97.4 -0.499969 0.0052733
97.5 -0.496945 0.0551605
97.6 -0.488955 0.104497
97.7 -0.47608 0.152789
97.8 -0.458448 0.199554
97.9 -0.436236 0.244325
98 -0.409665 0.286656
98.1 -0.379 0.326122
98.2 -0.344549 0.362329
98.3 -0.306655 0.394917
98.4 -0.265697 0.423558
98.5 -0.222085 0.447968
98.6 -0.176253 0.467901
98.7 -0.12866 0.483159
98.8 -0.0797823 0.49359
98.9 -0.0301069 0.499089
99 0.0198692 0.499602
99.1 0.0696469 0.495122
99.2 0.118729 0.485695
99.3 0.166624 0.471416
99.4 0.212855 0.452426
99.5 0.256958 0.428916
99.6 0.298495 0.40112
99.7 0.337049 0.369316
99.8 0.372235 0.333823
99.9 0.403702 0.294994
100 0.431135 0.253217
