0.1 0.497372 -0.0538622
0.2 0.488898 -0.116044
0.3 0.473748 -0.18752
0.4 0.450925 -0.269735
0.5 0.419258 -0.364714
0.6 0.377335 -0.475244
0.7 0.323418 -0.60505
0.8 0.255342 -0.758891
0.9 0.170414 -0.942382
1 0.0653581 -1.16111
1.1 -0.0635839 -1.41814
1.2 -0.220163 -1.70847
1.3 -0.406841 -2.00896
1.4 -0.622254 -2.26588
1.5 -0.857638 -2.39341
1.6 -1.09465 -2.30763
1.7 -1.30932 -1.99308
1.8 -1.48248 -1.52996
1.9 -1.60726 -1.0375
2 -1.68719 -0.605113
2.1 -1.73051 -0.270961
2.2 -1.74633 -0.0341348
2.3 -1.74262 0.125207
2.4 -1.72557 0.230526
2.5 -1.6995 0.301357
2.6 -1.66719 0.351504
2.7 -1.63032 0.389915
2.8 -1.58984 0.422198
2.9 -1.54621 0.451895
3 -1.4996 0.481365
3.1 -1.44996 0.512339
3.2 -1.39707 0.546277
3.3 -1.34056 0.584606
3.4 -1.27993 0.628921
3.5 -1.21448 0.681163
3.6 -1.1433 0.743843
3.7 -1.06519 0.820329
3.8 -0.978538 0.915245
3.9 -0.881203 1.03503
4 -0.770262 1.18869
4.1 -0.641724 1.38867
4.2 -0.490136 1.65147
4.3 -0.308179 1.99648
4.4 -0.0866159 2.43859
4.5 0.184393 2.96455
4.6 0.510103 3.48002
4.7 0.879039 3.75306
4.8 1.24895 3.50945
4.9 1.55899 2.76183
5 1.77717 1.84141
5.1 1.91201 1.03107
5.2 1.98402 0.444316
5.3 2.01247 0.0773134
5.4 2.01306 -0.127245
5.5 1.99727 -0.232764
5.6 1.97254 -0.286193
5.7 1.94305 -0.315103
5.8 1.91088 -0.333354
5.9 1.87696 -0.34731
6 1.84165 -0.359806
6.1 1.80508 -0.372157
6.2 1.76723 -0.385039
6.3 1.72805 -0.39887
6.4 1.68741 -0.413972
6.5 1.64519 -0.430653
6.6 1.60121 -0.449243
6.7 1.55525 -0.470131
6.8 1.50707 -0.493795
6.9 1.45635 -0.520834
7 1.40274 -0.552013
7.1 1.34575 -0.588328
7.2 1.28482 -0.63109
7.3 1.21921 -0.682051
7.4 1.148 -0.743582
7.5 1.06996 -0.818934
7.6 0.983511 -0.912622
7.7 0.886506 -1.03097
7.8 0.776058 -1.18283
7.9 0.648218 -1.3805
8 0.497592 -1.64033
8.1 0.316937 -1.98166
8.2 0.09707 -2.41992
8.3 -0.171901 -2.94386
8.4 -0.495622 -3.46375
8.5 -0.863619 -3.75293
8.6 -1.23492 -3.53276
8.7 -1.5485 -2.79927
8.8 -1.77048 -1.87838
8.9 -1.90833 -1.05985
9 -1.98248 -0.463312
9.1 -2.01235 -0.0883152
9.2 -2.01379 0.121463
9.3 -1.99849 0.229857
9.4 -1.97401 0.284671
9.5 -1.94467 0.314183
9.6 -1.91258 0.332673
9.7 -1.87873 0.346708
9.8 -1.84348 0.359213
9.9 -1.80697 0.371539
10 -1.76919 0.384375
10.1 -1.73007 0.398145
10.2 -1.68952 0.413174
10.3 -1.64738 0.429765
10.4 -1.60349 0.448249
10.5 -1.55764 0.469009
10.6 -1.50957 0.492519
10.7 -1.459 0.519369
10.8 -1.40553 0.550316
10.9 -1.34873 0.586342
11 -1.28801 0.628739
11.1 -1.22267 0.679233
11.2 -1.15176 0.740157
11.3 -1.07411 0.814711
11.4 -0.988134 0.907334
11.5 -0.891728 1.02424
11.6 -0.782046 1.17414
11.7 -0.655205 1.36912
11.8 -0.505893 1.62534
11.9 -0.32697 1.96207
12 -0.109338 2.3953
12.1 0.156933 2.9161
12.2 0.477924 3.4404
12.3 0.844369 3.74867
12.4 1.21697 3.55813
12.5 1.53471 2.84419
12.6 1.7614 1.92438
12.7 1.90304 1.09646
12.8 1.97993 0.487927
12.9 2.01163 0.102806
13 2.0142 -0.113748
13.1 1.99953 -0.225962
13.2 1.9754 -0.282667
13.3 1.94623 -0.31303
13.4 1.91426 -0.331877
13.5 1.88048 -0.346048
13.6 1.8453 -0.35859
13.7 1.80885 -0.370905
13.8 1.77114 -0.383704
13.9 1.73209 -0.397418
14 1.69161 -0.412376
14.1 1.64956 -0.42888
14.2 1.60576 -0.447259
14.3 1.56001 -0.467894
14.4 1.51207 -0.49125
14.5 1.46163 -0.517914
14.6 1.40833 -0.548632
14.7 1.3517 -0.584372
14.8 1.2912 -0.626408
14.9 1.22611 -0.67644
15 1.15552 -0.736766
15.1 1.07824 -0.810534
15.2 0.99273 -0.902107
15.3 0.896915 -1.01759
15.4 0.787991 -1.16556
15.5 0.662135 -1.3579
15.6 0.514119 -1.61056
15.7 0.336903 -1.94274
15.8 0.121479 -2.37092
15.9 -0.14211 -2.88838
16 -0.460349 -3.41653
16.1 -0.825142 -3.74305
16.2 -1.19886 -3.58206
16.3 -1.52067 -2.8886
16.4 -1.75209 -1.97065
16.5 -1.89759 -1.13366
16.6 -1.97727 -0.513129
16.7 -2.01085 -0.117732
16.8 -2.01457 0.105767
16.9 -2.00056 0.221928
17 -1.97677 0.280598
17.1 -1.94779 0.311849
17.2 -1.91593 0.33107
17.3 -1.88223 0.345385
17.4 -1.84712 0.357967
17.5 -1.81074 0.370272
17.6 -1.77308 0.383035
17.7 -1.73411 0.396695
17.8 -1.6937 0.411582
17.9 -1.65173 0.428
18 -1.60803 0.446275
18.1 -1.56239 0.466785
18.2 -1.51456 0.48999
18.3 -1.46426 0.51647
18.4 -1.41111 0.54696
18.5 -1.35467 0.582417
18.6 -1.29438 0.624097
18.7 -1.22954 0.673674
18.8 -1.15925 0.73341
18.9 -1.08235 0.806402
19 -0.9973 0.896942
19.1 -0.902068 1.01103
19.2 -0.793892 1.15709
19.3 -0.669008 1.34683
19.4 -0.522271 1.59598
19.5 -0.346738 1.92365
19.6 -0.133496 2.34679
19.7 0.12743 2.86072
19.8 0.442901 3.39216
19.9 0.805944 3.73612
20 1.18063 3.60451
20.1 1.50639 2.93246
20.2 1.74256 2.01716
20.3 1.89197 1.17146
20.4 1.97449 0.538925
20.5 2.00998 0.133104
20.6 2.01489 -0.0975132
20.7 2.00155 -0.217751
20.8 1.97813 -0.278462
20.9 1.94935 -0.310638
21 1.9176 -0.330251
21.1 1.88398 -0.344717
21.2 1.84893 -0.357343
21.3 1.81261 -0.369641
21.4 1.77503 -0.382368
21.5 1.73612 -0.395974
21.6 1.69579 -0.410792
21.7 1.6539 -0.427125
21.8 1.61029 -0.445297
21.9 1.56476 -0.465683
22 1.51705 -0.488739
22.1 1.46688 -0.515036
22.2 1.41388 -0.545302
22.3 1.35762 -0.580479
22.4 1.29754 -0.621807
22.5 1.23295 -0.670934
22.6 1.16297 -0.730088
22.7 1.08643 -0.802315
22.8 1.00184 -0.891837
22.9 0.907188 -1.00455
23 0.79975 -1.14874
23.1 0.675825 -1.33592
23.2 0.530348 -1.58161
23.3 0.356477 -1.90482
23.4 0.145389 -2.3229
23.5 -0.112893 -2.83313
23.6 -0.425583 -3.36734
23.7 -0.786783 -3.72791
23.8 -1.16225 -3.62547
23.9 -1.49187 -2.97569
24 -1.73281 -2.0639
24.1 -1.88617 -1.20982
24.2 -1.97159 -0.565319
24.3 -2.00904 -0.148929
24.4 -2.01517 0.0889786
24.5 -2.00253 0.213425
24.6 -1.97948 0.276255
24.7 -1.95089 0.309397
24.8 -1.91926 0.329419
24.9 -1.88572 0.344045
25 -1.85075 0.356719
25.1 -1.81449 0.369011
25.2 -1.77697 0.381704
25.3 -1.73813 0.395257
25.4 -1.69788 0.410005
25.5 -1.65607 0.426254
25.6 -1.61255 0.444324
25.7 -1.56712 0.464588
25.8 -1.51953 0.487495
25.9 -1.46949 0.513612
26 -1.41665 0.543656
26.1 -1.36056 0.578557
26.2 -1.30069 0.619537
26.3 -1.23635 0.66822
26.4 -1.16667 0.726799
26.5 -1.0905 0.798273
26.6 -1.00636 0.886791
26.7 -0.912276 0.998152
26.8 -0.805566 1.14049
26.9 -0.682587 1.32515
27 -0.538353 1.56743
27.1 -0.366119 1.88624
27.2 -0.157161 2.29927
27.3 0.0984996 2.80564
27.4 0.408396 3.3421
27.5 0.767667 3.71847
27.6 1.14376 3.64491
27.7 1.47711 3.01825
27.8 1.72282 2.11083
27.9 1.8802 1.24876
28 1.96857 0.592315
28.1 2.00802 0.165217
28.2 2.0154 -0.080155
28.3 2.00348 -0.208945
28.4 1.98081 -0.273975
28.5 1.95243 -0.308124
28.6 1.92092 -0.328575
28.7 1.88746 -0.343368
28.8 1.85255 -0.356093
28.9 1.81636 -0.368382
29 1.7789 -0.381042
29.1 1.74013 -0.394542
29.2 1.69996 -0.409223
29.3 1.65823 -0.425388
29.4 1.61481 -0.443357
29.5 1.56947 -0.463499
29.6 1.522 -0.48626
29.7 1.47209 -0.512198
29.8 1.4194 -0.542022
29.9 1.3635 -0.57665
30 1.30384 -0.617286
30.1 1.23974 -0.665531
30.2 1.17035 -0.723544
30.3 1.09454 -0.794274
30.4 1.01085 -0.881803
30.5 0.917331 -0.991831
30.6 0.811341 -1.13236
30.7 0.689295 -1.31453
30.8 0.546286 -1.55346
30.9 0.375668 -1.8679
31 0.168811 -2.27589
31.1 -0.0842481 -2.77825
31.2 -0.391343 -3.31647
31.3 -0.748601 -3.70783
31.4 -1.12515 -3.66282
31.5 -1.46211 -3.0601
31.6 -1.71261 -2.15792
31.7 -1.87405 -1.28826
31.8 -1.96542 -0.619917
31.9 -2.00691 -0.181976
32 -2.01558 0.0710341
32.1 -2.0044 0.204305
32.2 -1.98213 0.271618
32.3 -1.95396 0.306818
32.4 -1.92257 0.327717
32.5 -1.8892 0.342686
32.6 -1.85436 0.355467
32.7 -1.81823 0.367754
32.8 -1.78084 0.380382
32.9 -1.74214 0.393831
33 -1.70203 0.408444
33.1 -1.66039 0.424527
33.2 -1.61705 0.442396
33.3 -1.57183 0.462418
33.4 -1.52447 0.485033
33.5 -1.47469 0.510794
33.6 -1.42215 0.540401
33.7 -1.36642 0.574759
33.8 -1.30697 0.615055
33.9 -1.24312 0.662867
34 -1.17402 0.720321
34.1 -1.09857 0.790318
34.2 -1.01532 0.876873
34.3 -0.922354 0.985589
34.4 -0.817074 1.12433
34.5 -0.695949 1.30406
34.6 -0.554148 1.53968
34.7 -0.385123 1.8498
34.8 -0.180343 2.25276
34.9 0.070138 2.75099
35 0.374424 3.2905
35.1 0.729593 3.69603
35.2 1.10644 3.67918
35.3 1.44687 3.10116
35.4 1.70216 2.20514
35.5 1.86772 1.32831
35.6 1.96214 0.648129
35.7 2.00572 0.199215
35.8 2.01571 -0.0616077
35.9 2.00529 -0.199499
36 1.98344 -0.269183
36.1 1.95549 -0.305476
36.2 1.92422 -0.326844
36.3 1.89093 -0.341999
36.4 1.85616 -0.354839
36.5 1.82009 -0.367127
36.6 1.78277 -0.379724
36.7 1.74413 -0.393123
36.8 1.7041 -0.40767
36.9 1.66255 -0.42367
37 1.6193 -0.44144
37.1 1.57417 -0.461343
37.2 1.52693 -0.483814
37.3 1.47728 -0.5094
37.4 1.42489 -0.538792
37.5 1.36934 -0.572883
37.6 1.31008 -0.612843
37.7 1.24648 -0.660228
37.8 1.17767 -0.71713
37.9 1.10257 -0.786405
38 1.01976 -0.872
38.1 0.927346 -0.979423
38.2 0.822767 -1.1164
38.3 0.70255 -1.29373
38.4 0.56194 -1.52608
38.5 0.394487 -1.83195
38.6 0.191756 -2.22989
38.7 -0.0561687 -2.72386
38.8 -0.357643 -3.26422
38.9 -0.710648 -3.68311
39 -1.08764 -3.69398
39.1 -1.4314 -3.14139
39.2 -1.69148 -2.25245
39.3 -1.86121 -1.36889
39.4 -1.95873 -0.676954
39.5 -2.00445 -0.216944
39.6 -2.01579 0.0518672
39.7 -2.00615 0.194523
39.8 -1.98472 0.266665
39.9 -1.957 0.304099
40 -1.92587 0.325956
40.1 -1.89266 0.341306
40.2 -1.85796 0.354211
40.3 -1.82195 0.366501
40.4 -1.78469 0.379069
40.5 -1.74613 0.392417
40.6 -1.70617 0.406898
40.7 -1.66469 0.422818
40.8 -1.62154 0.44049
40.9 -1.57651 0.460274
41 -1.52938 0.482603
41.1 -1.47987 0.508016
41.2 -1.42763 0.537195
41.3 -1.37224 0.571021
41.4 -1.31319 0.61065
41.5 -1.24982 0.657613
41.6 -1.1813 0.71397
41.7 -1.10656 0.782533
41.8 -1.02418 0.867182
41.9 -0.932307 0.973333
42 -0.82842 1.10858
42.1 -0.709099 1.28354
42.2 -0.569664 1.51268
42.3 -0.40376 1.81434
42.4 -0.203053 2.20727
42.5 0.0423393 2.69687
42.6 0.341 3.23766
42.7 0.691773 3.66912
42.8 1.06874 3.70723
42.9 1.4157 3.18074
43 1.68056 2.29981
43.1 1.85451 1.41
43.2 1.95519 0.706394
43.3 2.00309 0.23517
43.4 2.01581 -0.0418041
43.5 2.00699 -0.189369
43.6 1.986 -0.264061
43.7 1.95851 -0.302683
43.8 1.9275 -0.325053
43.9 1.89439 -0.340608
44 1.85975 -0.35358
44.1 1.82381 -0.365875
44.2 1.78661 -0.378415
44.3 1.74812 -0.391715
44.4 1.70824 -0.406131
44.5 1.66684 -0.42197
44.6 1.62377 -0.439545
44.7 1.57885 -0.459212
44.8 1.53183 -0.4814
44.9 1.48244 -0.506641
45 1.43035 -0.535609
45.1 1.37514 -0.569175
45.2 1.31629 -0.608476
45.3 1.25316 -0.655022
45.4 1.18492 -0.710842
45.5 1.11052 -0.778702
45.6 1.02858 -0.862419
45.7 0.937237 -0.967317
45.8 0.834033 -1.10086
45.9 0.715597 -1.27349
46 0.57732 -1.49947
46.1 0.412944 -1.79696
46.2 0.214234 -2.18492
46.3 -0.0286489 -2.67004
46.4 -0.324497 -3.21086
46.5 -0.672973 -3.65409
46.6 -1.04977 -3.71891
46.7 -1.39978 -3.21914
46.8 -1.66939 -2.34719
46.9 -1.84762 -1.45163
47 -1.95151 -0.736451
47.1 -2.00164 -0.253902
47.2 -2.01579 0.0314099
47.3 -2.00779 0.184032
47.4 -1.98725 0.261367
47.5 -1.96001 0.301227
47.6 -1.92914 0.324133
47.7 -1.89611 0.339903
47.8 -1.86154 0.352949
47.9 -1.82567 0.365251
48 -1.78853 0.377763
48.1 -1.75011 0.391015
48.2 -1.7103 0.405367
48.3 -1.66898 0.421127
48.4 -1.626 0.438605
48.5 -1.58118 0.458157
48.6 -1.53427 0.480205
48.7 -1.48501 0.505276
48.8 -1.43307 0.534036
48.9 -1.37802 0.567344
49 -1.31937 0.606321
49.1 -1.25648 0.652455
49.2 -1.18852 0.707745
49.3 -1.11447 0.774912
49.4 -1.03294 0.85771
49.5 -0.942136 0.961374
49.6 -0.839608 1.09324
49.7 -0.722043 1.26358
49.8 -0.58491 1.48644
49.9 -0.42204 1.77982
50 -0.225302 2.16283
50.1 0.0150968 2.64338
50.2 0.308134 3.18383
50.3 0.654254 3.63808
50.4 1.03073 3.72903
50.5 1.38364 3.25656
50.6 1.65799 2.39456
50.7 1.84054 1.49375
50.8 1.9477 0.767126
50.9 2.00009 0.273148
51 2.0157 -0.0206758
51.1 2.00856 -0.178505
51.2 1.98849 -0.258581
51.3 1.96149 -0.29973
51.4 1.93076 -0.323195
51.5 1.89782 -0.339192
51.6 1.86333 -0.352315
51.7 1.82752 -0.364627
51.8 1.79045 -0.377114
51.9 1.75209 -0.390319
52 1.71235 -0.404607
52.1 1.67112 -0.420288
52.2 1.62823 -0.437671
52.3 1.5835 -0.457108
52.4 1.53671 -0.479018
52.5 1.48757 -0.503921
52.6 1.43577 -0.532474
52.7 1.3809 -0.565526
52.8 1.32245 -0.604184
52.9 1.25978 -0.649911
53 1.19211 -0.704678
53.1 1.1184 -0.771162
53.2 1.03729 -0.853055
53.3 0.947006 -0.955503
53.4 0.845144 -1.08572
53.5 0.72844 -1.2538
53.6 0.592433 -1.47359
53.7 0.431049 -1.76291
53.8 0.236257 -2.14099
53.9 -0.0016818 -2.61689
54 -0.291913 -3.15662
54.1 -0.635621 -3.62112
54.2 -1.01163 -3.73759
54.3 -1.36729 -3.29293
54.4 -1.64635 -2.44187
54.5 -1.83327 -1.53635
54.6 -1.94375 -0.79842
54.7 -1.99846 -0.292916
54.8 -2.01556 0.00959307
54.9 -2.0093 0.172782
55 -1.98972 0.255699
55.1 -1.96297 0.29819
55.2 -1.93239 0.32224
55.3 -1.89954 0.338474
55.4 -1.86511 0.35168
55.5 -1.82937 0.364003
55.6 -1.79236 0.376466
55.7 -1.75407 0.389625
55.8 -1.71441 0.403851
55.9 -1.67325 0.419453
56 -1.63045 0.436742
56.1 -1.58582 0.456065
56.2 -1.53914 0.477838
56.3 -1.49013 0.502574
56.4 -1.43847 0.530924
56.5 -1.38377 0.563724
56.6 -1.32551 0.602064
56.7 -1.26308 0.647391
56.8 -1.19568 0.701641
56.9 -1.1223 0.767451
57 -1.04161 0.848452
57.1 -0.951846 0.949703
57.2 -0.850641 1.0783
57.3 -0.734787 1.24416
57.4 -0.599891 1.46092
57.5 -0.439972 1.74623
57.6 -0.247101 2.11942
57.7 -0.0115969 2.59059
57.8 0.275835 3.12926
57.9 0.617079 3.60326
58 0.992479 3.74461
58.1 1.35073 3.32821
58.2 1.63446 2.48908
58.3 1.8258 1.57942
58.4 1.93965 0.830334
58.5 1.99672 0.313214
58.6 2.01535 0.00184715
58.7 2.01001 -0.166857
58.8 1.99092 -0.252716
58.9 1.96444 -0.296604
59 1.934 -0.321266
59.1 1.90125 -0.337749
59.2 1.86689 -0.351042
59.3 1.83121 -0.36338
59.4 1.79427 -0.37582
59.5 1.75605 -0.388934
59.6 1.71645 -0.403098
59.7 1.67538 -0.418623
59.8 1.63266 -0.435819
59.9 1.58813 -0.455029
60 1.54156 -0.476666
60.1 1.49268 -0.501237
60.2 1.44117 -0.529385
60.3 1.38663 -0.561935
60.4 1.32856 -0.599963
60.5 1.26636 -0.644893
60.6 1.19924 -0.698633
60.7 1.12619 -0.763779
60.8 1.04591 -0.843901
60.9 0.956657 -0.943973
61 0.856102 -1.07097
61.1 0.741086 -1.23464
61.2 0.607286 -1.44842
61.3 0.448811 -1.72979
61.4 0.257835 -2.0981
61.5 0.0247405 -2.56449
61.6 -0.2599 -3.10176
61.7 -0.598634 -3.58455
61.8 -0.973287 -3.75009
61.9 -1.33396 -3.36234
62 -1.62232 -2.53614
62.1 -1.81813 -1.62295
62.2 -1.93541 -0.862867
62.3 -1.99489 -0.33405
62.4 -2.01509 -0.0136537
62.5 -2.01068 0.160723
62.6 -1.99211 0.249629
62.7 -1.9659 0.294971
62.8 -1.93561 0.320271
62.9 -1.90295 0.337015
63 -1.86867 0.350403
63.1 -1.83305 0.362758
63.2 -1.79618 0.375176
63.3 -1.75802 0.388245
63.4 -1.7185 0.402348
63.5 -1.6775 0.417797
63.6 -1.63487 0.4349
63.7 -1.59044 0.453999
63.8 -1.54398 0.475501
63.9 -1.49522 0.49991
64 -1.44385 0.527858
64.1 -1.38948 0.560161
64.2 -1.3316 0.59788
64.3 -1.26963 0.642418
64.4 -1.20278 0.695655
64.5 -1.13006 0.760145
64.6 -1.05019 0.839401
64.7 -0.961438 0.938312
64.8 -0.861525 1.06373
64.9 -0.747336 1.22525
65 -0.614617 1.4361
65.1 -0.457566 1.71356
65.2 -0.268461 2.07705
65.3 -0.0377499 2.53859
65.4 0.244109 3.07415
65.5 0.580289 3.56502
65.6 0.954062 3.75405
65.7 1.31699 3.39529
65.8 1.60994 2.58302
65.9 1.81025 1.6669
66 1.93101 0.896018
66.1 1.99296 0.355431
66.2 2.01477 0.0258356
66.3 2.01132 -0.154373
66.4 1.99328 -0.246433
66.5 1.96735 -0.293289
66.6 1.93722 -0.319256
66.7 1.90465 -0.336274
66.8 1.87044 -0.349761
66.9 1.83489 -0.362135
67 1.79808 -0.374534
67.1 1.75999 -0.38756
67.2 1.72054 -0.401602
67.3 1.67962 -0.416976
67.4 1.63708 -0.433987
67.5 1.59274 -0.452975
67.6 1.54639 -0.474344
67.7 1.49776 -0.498591
67.8 1.44653 -0.526342
67.9 1.39232 -0.5584
68 1.33464 -0.595814
68.1 1.27289 -0.639965
68.2 1.20631 -0.692706
68.3 1.13392 -0.756549
68.4 1.05444 -0.834952
68.5 0.966191 -0.932719
68.6 0.866912 -1.05659
68.7 0.753539 -1.21599
68.8 0.621886 -1.42395
68.9 0.466239 -1.69756
69 0.278979 -2.05625
69.1 0.0506263 -2.5129
69.2 -0.228462 -3.04647
69.3 -0.562048 -3.54472
69.4 -0.934813 -3.75651
69.5 -1.29984 -3.427
69.6 -1.59731 -2.62967
69.7 -1.80217 -1.71126
69.8 -1.92647 -0.929784
69.9 -1.99093 -0.377365
70 -2.01438 -0.0384017
70.1 -2.01192 0.147801
70.2 -1.99443 0.243126
70.3 -1.96879 0.291556
70.4 -1.93882 0.318219
70.5 -1.90635 0.335525
70.6 -1.87222 0.349116
70.7 -1.83673 0.361513
70.8 -1.79998 0.373893
70.9 -1.76195 0.386877
71 -1.72258 0.40086
71.1 -1.68174 0.416158
71.2 -1.63928 0.433078
71.3 -1.59504 0.451957
71.4 -1.5488 0.473195
71.5 -1.50029 0.497281
71.6 -1.4492 0.524837
71.7 -1.39515 0.556654
71.8 -1.33766 0.593765
71.9 -1.27613 0.637534
72 -1.20982 0.689785
72.1 -1.13775 0.752991
72.2 -1.05867 0.830551
72.3 -0.970916 0.927192
72.4 -0.872263 1.04953
72.5 -0.759695 1.20685
72.6 -0.629093 1.41197
72.7 -0.474831 1.68178
72.8 -0.289392 2.03572
72.9 -0.0633708 2.48743
73 0.21296 3.01872
73.1 0.543917 3.5237
73.2 0.915549 3.75748
73.3 1.2825 3.45743
73.4 1.58443 2.67605
73.5 1.79388 1.75601
73.6 1.92178 0.964164
73.7 1.98879 0.399858
73.8 2.01392 0.0513611
73.9 2.01248 -0.140998
74 1.99555 -0.239701
74.1 1.97022 -0.28977
74.2 1.94041 -0.31716
74.3 1.90804 -0.334766
74.4 1.87398 -0.348469
74.5 1.83856 -0.360891
74.6 1.80188 -0.373254
74.7 1.76392 -0.386196
74.8 1.72461 -0.400121
74.9 1.68385 -0.415345
75 1.64148 -0.432175
75.1 1.59733 -0.450946
75.2 1.5512 -0.472052
75.3 1.50281 -0.495981
75.4 1.45186 -0.523342
75.5 1.39797 -0.55492
75.6 1.34067 -0.591734
75.7 1.27936 -0.635125
75.8 1.21332 -0.686892
75.9 1.14157 -0.749469
76 1.06288 -0.8262
76.1 0.975613 -0.921731
76.2 0.877578 -1.04257
76.3 0.765805 -1.19784
76.4 0.63624 -1.40016
76.5 0.483343 -1.66622
76.6 0.2997 -2.01544
76.7 0.0759845 -2.46219
76.8 -0.197602 -2.99095
76.9 -0.525898 -3.50199
77 -0.896277 -3.757
77.1 -1.26499 -3.48654
77.2 -1.57131 -2.7221
77.3 -1.78538 -1.80113
77.4 -1.91692 -0.999155
77.5 -1.98654 -0.422917
77.6 -2.0134 -0.0647227
77.7 -2.013 0.133958
77.8 -1.99666 0.236156
77.9 -1.97164 0.287928
78 -1.94199 0.316076
78.1 -1.90973 0.333998
78.2 -1.87575 0.347818
78.3 -1.84039 0.360268
78.4 -1.80377 0.372616
78.5 -1.76588 0.385518
78.6 -1.72664 0.399385
78.7 -1.68595 0.414536
78.8 -1.64367 0.431277
78.9 -1.59962 0.44994
79 -1.55359 0.470917
79.1 -1.50532 0.494689
79.2 -1.45451 0.521859
79.3 -1.40078 0.553201
79.4 -1.34367 0.589719
79.5 -1.28258 0.632738
79.6 -1.2168 0.684027
79.7 -1.14537 0.745983
79.8 -1.06707 0.821897
79.9 -0.980282 0.916335
80 -0.882857 1.03569
80.1 -0.77187 1.18894
80.2 -0.643327 1.38851
80.3 -0.491776 1.65087
80.4 -0.309904 1.99542
80.5 -0.0884688 2.43717
80.6 0.182389 2.96316
80.7 0.507995 3.47964
80.8 0.877007 3.75509
80.9 1.2473 3.51429
81 1.55794 2.76777
81.1 1.77666 1.84659
81.2 1.91191 1.03475
81.3 1.98418 0.446548
81.4 2.0128 0.0784957
81.5 2.01348 -0.126674
81.6 1.99775 -0.232485
81.7 1.97304 -0.286027
81.8 1.94357 -0.314968
81.9 1.91142 -0.33322
82 1.87751 -0.347164
82.1 1.84222 -0.359646
82.2 1.80566 -0.37198
82.3 1.76783 -0.384843
82.4 1.72867 -0.398652
82.5 1.68806 -0.413731
82.6 1.64586 -0.430383
82.7 1.6019 -0.44894
82.8 1.55598 -0.469789
82.9 1.50783 -0.493406
83 1.45716 -0.520386
83.1 1.40359 -0.551494
83.2 1.34666 -0.587721
83.3 1.28579 -0.630371
83.4 1.22026 -0.681189
83.5 1.14915 -0.742533
83.6 1.07123 -0.817641
83.7 0.984924 -0.911003
83.8 0.888102 -1.02891
83.9 0.777889 -1.18017
84 0.650355 -1.37702
84.1 0.500132 -1.63573
84.2 0.320007 -1.97566
84.3 0.100825 -2.41238
84.4 -0.167321 -2.93539
84.5 -0.490211 -3.45669
84.6 -0.857746 -3.75178
84.7 -1.22946 -3.54065
84.8 -1.54432 -2.81302
84.9 -1.76773 -1.89238
85 -1.90674 -1.07095
85.1 -1.98172 -0.470757
85.2 -2.01214 -0.092689
85.3 -2.01392 0.119138
85.4 -1.99881 0.228683
85.5 -1.97444 0.284067
85.6 -1.94515 0.313834
85.7 -1.9131 0.332431
85.8 -1.87926 0.346507
85.9 -1.84404 0.359023
86 -1.80755 0.371345
86.1 -1.76978 0.38417
86.2 -1.73069 0.397923
86.3 -1.69016 0.41293
86.4 -1.64804 0.429495
86.5 -1.60418 0.447946
86.6 -1.55836 0.468668
86.7 -1.51034 0.492131
86.8 -1.4598 0.518924
86.9 -1.40639 0.549801
87 -1.34964 0.585739
87.1 -1.28899 0.628026
87.2 -1.22372 0.678378
87.3 -1.15291 0.739119
87.4 -1.07537 0.813432
87.5 -0.989539 0.905733
87.6 -0.893313 1.0222
87.7 -0.783864 1.17151
87.8 -0.657325 1.36568
87.9 -0.50841 1.62081
88 -0.33001 1.95615
88.1 -0.113054 2.38784
88.2 0.152397 2.90764
88.3 0.47255 3.43318
88.4 0.838502 3.74709
88.5 1.21146 3.56559
88.6 1.53046 2.85779
88.7 1.75858 1.93846
88.8 1.9014 1.10774
88.9 1.97913 0.495551
89 2.0114 0.107312
89.1 2.01432 -0.111342
89.2 1.99985 -0.224747
89.3 1.97582 -0.282043
89.4 1.94671 -0.312672
89.5 1.91477 -0.331632
89.6 1.88102 -0.345846
89.7 1.84586 -0.3584
89.8 1.80943 -0.370712
89.9 1.77173 -0.383499
90 1.73271 -0.397197
90.1 1.69225 -0.412133
90.2 1.65022 -0.428611
90.3 1.60645 -0.446958
90.4 1.56074 -0.467555
90.5 1.51283 -0.490865
90.6 1.46243 -0.517472
90.7 1.40918 -0.548121
90.8 1.35261 -0.583774
90.9 1.29217 -0.625701
91 1.22716 -0.675594
91.1 1.15666 -0.735739
91.2 1.07949 -0.809269
91.3 0.994127 -0.900525
91.4 0.89849 -1.01558
91.5 0.789795 -1.16296
91.6 0.664237 -1.35451
91.7 0.516613 -1.60609
91.8 0.339913 -1.93689
91.9 0.125157 -2.36354
92 -0.137617 -2.87993
92.1 -0.455014 -3.40915
92.2 -0.819283 -3.74107
92.3 -1.19332 -3.58906
92.4 -1.51634 -2.90204
92.5 -1.74921 -1.98481
92.6 -1.89589 -1.14513
92.7 -1.97644 -0.520934
92.8 -2.01059 -0.122373
92.9 -2.01467 0.103279
93 -2.00086 0.22067
93.1 -1.97719 0.279954
93.2 -1.94827 0.311483
93.3 -1.91644 0.330821
93.4 -1.88277 0.345181
93.5 -1.84767 0.357777
93.6 -1.81131 0.37008
93.7 -1.77368 0.382831
93.8 -1.73472 0.396475
93.9 -1.69434 0.41134
94 -1.6524 0.427733
94.1 -1.60872 0.445976
94.2 -1.56311 0.466448
94.3 -1.51532 0.489608
94.4 -1.46506 0.516031
94.5 -1.41195 0.546453
94.6 -1.35557 0.581825
94.7 -1.29534 0.623397
94.8 -1.23058 0.672836
94.9 -1.16038 0.732393
95 -1.08359 0.805151
95.1 -0.998689 0.895378
95.2 -0.903633 1.00905
95.3 -0.795683 1.15453
95.4 -0.671093 1.34349
95.5 -0.524742 1.59158
95.6 -0.349719 1.91788
95.7 -0.137136 2.33948
95.8 0.122981 2.8523
95.9 0.437605 3.38464
96 0.800096 3.73375
96.1 1.17504 3.61106
96.2 1.50199 2.94571
96.3 1.73961 2.0314
96.4 1.89022 1.1831
96.5 1.97362 0.546912
96.6 2.0097 0.137882
96.7 2.01498 -0.0949404
96.8 2.00185 -0.216448
96.9 1.97854 -0.277796
97 1.94982 -0.310263
97.1 1.91811 -0.329999
97.2 1.88451 -0.344512
97.3 1.84949 -0.357153
97.4 1.81318 -0.369449
97.5 1.77562 -0.382165
97.6 1.73673 -0.395755
97.7 1.69643 -0.410551
97.8 1.65457 -0.426859
97.9 1.61098 -0.445
98 1.56548 -0.465348
98.1 1.5178 -0.488359
98.2 1.46767 -0.5146
98.3 1.41473 -0.544798
98.4 1.35852 -0.579891
98.5 1.29851 -0.621113
98.6 1.23399 -0.670104
98.7 1.1641 -0.729081
98.8 1.08767 -0.801078
98.9 1.00322 -0.890291
99 0.908743 -1.00259
99.1 0.801529 -1.14621
99.2 0.677894 -1.33262
99.3 0.532797 -1.57726
99.4 0.359428 -1.89913
99.5 0.148992 -2.31567
99.6 -0.108488 -2.82474
99.7 -0.420327 -3.35968
99.8 -0.780948 -3.72516
99.9 -1.15663 -3.63156
100 -1.48739 -2.98875
