0.1 0.497372 -0.0538622
0.2 0.488953 -0.115974
0.3 0.473869 -0.18735
0.4 0.451128 -0.269422
0.5 0.419563 -0.364197
0.6 0.377774 -0.474439
0.7 0.324037 -0.60385
0.8 0.256206 -0.757173
0.9 0.17161 -0.940038
1 0.0669998 -1.15814
1.1 -0.0613611 -1.41487
1.2 -0.217234 -1.70601
1.3 -0.403176 -2.00993
1.4 -0.618126 -2.27502
1.5 -0.853974 -2.41609
1.6 -1.09338 -2.34325
1.7 -1.31296 -2.02664
1.8 -1.49222 -1.53839
1.9 -1.62088 -1.01387
2 -1.70009 -0.567409
2.1 -1.73942 -0.241125
2.2 -1.75102 -0.0194822
2.3 -1.74462 0.128791
2.4 -1.72632 0.228637
2.5 -1.69981 0.29743
2.6 -1.66749 0.347236
2.7 -1.6308 0.385988
2.8 -1.59055 0.418765
2.9 -1.54717 0.448899
3 -1.50081 0.47868
3.1 -1.45141 0.509826
3.2 -1.39876 0.543798
3.3 -1.34252 0.582026
3.4 -1.28217 0.626094
3.5 -1.21704 0.67792
3.6 -1.14625 0.739974
3.7 -1.0686 0.815554
3.8 -0.982541 0.909178
3.9 -0.885963 1.02713
4 -0.776021 1.17818
4.1 -0.648826 1.37452
4.2 -0.499065 1.63237
4.3 -0.319609 1.9712
4.4 -0.101408 2.40739
4.5 0.165341 2.93313
4.6 0.48651 3.46749
4.7 0.852916 3.79653
4.8 1.22715 3.6308
4.9 1.55277 2.89064
5 1.79219 1.85811
5.1 1.93731 0.941963
5.2 2.00237 0.367153
5.3 2.01857 0.0703084
5.4 2.01371 -0.10012
5.5 1.99831 -0.207466
5.6 1.97466 -0.266808
5.7 1.94608 -0.300342
5.8 1.91494 -0.323616
5.9 1.8818 -0.340935
6 1.84701 -0.355077
6.1 1.81084 -0.368382
6.2 1.77335 -0.381779
6.3 1.73449 -0.395784
6.4 1.69417 -0.410864
6.5 1.65227 -0.427386
6.6 1.60863 -0.445701
6.7 1.56306 -0.466204
6.8 1.51531 -0.489367
6.9 1.46508 -0.515768
7 1.41202 -0.546141
7.1 1.35569 -0.581434
7.2 1.29553 -0.622889
7.3 1.23085 -0.672158
7.4 1.16076 -0.731469
7.5 1.08412 -0.803872
7.6 0.999418 -0.893584
7.7 0.90464 -1.0065
7.8 0.797078 -1.15089
7.9 0.673038 -1.33828
8 0.527473 -1.58418
8.1 0.353579 -1.90776
8.2 0.142596 -2.32688
8.3 -0.115363 -2.84049
8.4 -0.427449 -3.38492
8.5 -0.788129 -3.77059
8.6 -1.16519 -3.70525
8.7 -1.50295 -3.05104
8.8 -1.75845 -2.03769
8.9 -1.91937 -1.07644
9 -1.99614 -0.440988
9.1 -2.0183 -0.108475
9.2 -2.01581 0.0761406
9.3 -2.00201 0.193055
9.4 -1.97957 0.259172
9.5 -1.95159 0.295536
9.6 -1.92083 0.320061
9.7 -1.88802 0.3382
9.8 -1.85349 0.352657
9.9 -1.81757 0.365992
10 -1.78032 0.379319
10.1 -1.74171 0.393166
10.2 -1.70166 0.408015
10.3 -1.66006 0.424245
10.4 -1.61676 0.442202
10.5 -1.57156 0.462271
10.6 -1.52422 0.484907
10.7 -1.47447 0.510665
10.8 -1.42196 0.540248
10.9 -1.36626 0.574557
11 -1.30685 0.614775
11.1 -1.24306 0.662466
11.2 -1.17404 0.71974
11.3 -1.0987 0.789472
11.4 -1.01561 0.875634
11.5 -0.922849 0.983767
11.6 -0.817869 1.12165
11.7 -0.697176 1.30013
11.8 -0.556002 1.53397
11.9 -0.387891 1.84184
12 -0.184427 2.2426
12.1 0.0642308 2.74099
12.2 0.366261 3.28952
12.3 0.719517 3.72504
12.4 1.09739 3.76193
12.5 1.44648 3.20874
12.6 1.71871 2.2313
12.7 1.89684 1.23206
12.8 1.98719 0.530572
12.9 2.0168 0.154015
13 2.01727 -0.0483385
13.1 2.00524 -0.175855
13.2 1.9842 -0.250034
13.3 1.95697 -0.290088
13.4 1.92662 -0.316121
13.5 1.89417 -0.335247
13.6 1.85992 -0.350151
13.7 1.82424 -0.36357
13.8 1.78724 -0.376856
13.9 1.74888 -0.39057
14 1.7091 -0.405204
14.1 1.6678 -0.421157
14.2 1.62482 -0.43877
14.3 1.57998 -0.458421
14.4 1.53305 -0.480549
14.5 1.48377 -0.505689
14.6 1.43179 -0.534511
14.7 1.37672 -0.567876
14.8 1.31803 -0.606909
14.9 1.2551 -0.653094
15 1.18711 -0.708425
15.1 1.11302 -0.775618
15.2 1.03147 -0.858413
15.3 0.940651 -0.96202
15.4 0.838137 -1.09375
15.5 0.720632 -1.26382
15.6 0.583634 -1.48624
15.7 0.421023 -1.77905
15.8 0.224742 -2.16171
15.9 -0.0149111 -2.64349
16 -0.306858 -3.19076
16.1 -0.651821 -3.66594
16.2 -1.02861 -3.79767
16.3 -1.38734 -3.35155
16.4 -1.67578 -2.42442
16.5 -1.8713 -1.39863
16.6 -1.97619 -0.631558
16.7 -2.01437 -0.205132
16.8 -2.01834 0.018271
16.9 -2.00816 0.156828
17 -1.98863 0.239752
17.1 -1.96225 0.284218
17.2 -1.93234 0.311955
17.3 -1.90025 0.33215
17.4 -1.86631 0.347602
17.5 -1.83087 0.361145
17.6 -1.79411 0.374408
17.7 -1.756 0.388005
17.8 -1.71649 0.402438
17.9 -1.67548 0.418123
18 -1.63282 0.435406
18.1 -1.58833 0.454654
18.2 -1.54181 0.476292
18.3 -1.49298 0.500835
18.4 -1.44152 0.528925
18.5 -1.38705 0.561384
18.6 -1.32907 0.599281
18.7 -1.26697 0.644025
18.8 -1.19997 0.697505
18.9 -1.12709 0.762283
19 -1.04703 0.841883
19.1 -0.958063 0.941208
19.2 -0.857906 1.06712
19.3 -0.743441 1.22925
19.4 -0.610414 1.44085
19.5 -0.453033 1.71929
19.6 -0.263604 2.08425
19.7 -0.032638 2.54847
19.8 0.24929 3.09003
19.9 0.585283 3.59535
20 0.959245 3.81297
20.1 1.32573 3.4774
20.2 1.62967 2.6143
20.3 1.84265 1.57476
20.4 1.96294 0.744611
20.5 2.01084 0.262904
20.6 2.019 0.0143362
20.7 2.01076 -0.135927
20.8 1.99282 -0.22816
20.9 1.96742 -0.277836
21 1.93799 -0.307552
21.1 1.90627 -0.328891
21.2 1.87264 -0.344993
21.3 1.83745 -0.358714
21.4 1.80093 -0.37197
21.5 1.76308 -0.385469
21.6 1.72383 -0.399714
21.7 1.6831 -0.415144
21.8 1.64076 -0.432108
21.9 1.59662 -0.450966
22 1.55049 -0.472132
22.1 1.5021 -0.4961
22.2 1.45115 -0.523485
22.3 1.39726 -0.555073
22.4 1.33997 -0.591881
22.5 1.27867 -0.635247
22.6 1.21264 -0.68696
22.7 1.14092 -0.74944
22.8 1.06229 -0.826009
22.9 0.975103 -0.921278
23 0.877199 -1.0417
23.1 0.765631 -1.19633
23.2 0.636383 -1.3977
23.3 0.483975 -1.66245
23.4 0.301076 -2.01019
23.5 0.0784665 -2.45627
23.6 -0.193583 -2.98852
23.7 -0.520107 -3.51528
23.8 -0.889665 -3.80881
23.9 -1.26193 -3.58457
24 -1.58046 -2.79819
24.1 -1.81084 -1.75869
24.2 -1.94722 -0.870121
24.3 -2.00601 -0.328479
24.4 -2.01916 -0.049888
24.5 -2.01305 0.113113
24.6 -1.99675 0.215103
24.7 -1.97246 0.270832
24.8 -1.94357 0.30289
24.9 -1.91223 0.325452
25 -1.87892 0.342308
25.1 -1.84399 0.356271
25.2 -1.80772 0.369541
25.3 -1.77011 0.382958
25.4 -1.73112 0.39703
25.5 -1.69067 0.412215
25.6 -1.64863 0.428873
25.7 -1.60484 0.447356
25.8 -1.55909 0.468065
25.9 -1.51114 0.491478
26 -1.46068 0.518185
26.1 -1.40737 0.548936
26.2 -1.35073 0.5847
26.3 -1.29022 0.626747
26.4 -1.22512 0.676773
26.5 -1.15452 0.737066
26.6 -1.07726 0.810756
26.7 -0.991786 0.902184
26.8 -0.896038 1.01742
26.9 -0.787234 1.16496
27 -0.661583 1.35666
27.1 -0.513902 1.60839
27.2 -0.337222 1.93949
27.3 -0.12263 2.36717
27.4 0.139743 2.88723
27.5 0.45646 3.42767
27.6 0.820236 3.78659
27.7 1.19624 3.67177
27.8 1.52822 2.97337
27.9 1.77581 1.94831
28 1.92885 1.00814
28.1 1.99967 0.403009
28.2 2.01873 0.0889432
28.3 2.01501 -0.0883372
28.4 2.00041 -0.200443
28.5 1.97735 -0.263074
28.6 1.94907 -0.297943
28.7 1.91811 -0.321819
28.8 1.88515 -0.339529
28.9 1.85049 -0.353809
29 1.81445 -0.367117
29.1 1.77709 -0.380469
29.2 1.73836 -0.394383
29.3 1.69819 -0.409336
29.4 1.65645 -0.425699
29.5 1.61299 -0.44382
29.6 1.56762 -0.464089
29.7 1.52009 -0.486967
29.8 1.47012 -0.51302
29.9 1.41736 -0.542966
30 1.36137 -0.577727
30.1 1.30161 -0.618513
30.2 1.23741 -0.666928
30.3 1.1679 -0.725137
30.4 1.09196 -0.796092
30.5 1.00813 -0.88388
30.6 0.914442 -0.994202
30.7 0.808277 -1.13506
30.8 0.686049 -1.31761
30.9 0.542863 -1.55698
31 0.372101 -1.87207
31.1 0.165186 -2.28133
31.2 -0.0877567 -2.787
31.3 -0.394468 -3.33435
31.4 -0.751294 -3.748
31.5 -1.12903 -3.73822
31.6 -1.47306 -3.13719
31.7 -1.73757 -2.14126
31.8 -1.90767 -1.15834
31.9 -1.99159 -0.487587
32 -2.0176 -0.132226
32.1 -2.01663 0.0615234
32.2 -2.00378 0.184068
32.3 -1.98207 0.254411
32.4 -1.95449 0.292666
32.5 -1.92394 0.317978
32.6 -1.89132 0.336635
32.7 -1.85694 0.35132
32.8 -1.82115 0.364695
32.9 -1.78403 0.377998
33 -1.74556 0.391772
33.1 -1.70565 0.406504
33.2 -1.66421 0.422584
33.3 -1.62108 0.440356
33.4 -1.57607 0.460199
33.5 -1.52896 0.482561
33.6 -1.47946 0.507985
33.7 -1.42724 0.537157
33.8 -1.37188 0.570956
33.9 -1.31286 0.610533
34 -1.24953 0.657409
34.1 -1.18106 0.713632
34.2 -1.1064 0.781988
34.3 -1.02414 0.866325
34.4 -0.93243 0.972003
34.5 -0.828785 1.10655
34.6 -0.709818 1.28046
34.7 -0.570906 1.50811
34.8 -0.405775 1.80783
34.9 -0.206198 2.19886
35 0.0375997 2.6885
35.1 0.334228 3.23697
35.2 0.683139 3.69495
35.3 1.06066 3.78365
35.4 1.41513 3.2872
35.5 1.69612 2.33494
35.6 1.88354 1.31997
35.7 1.98157 0.583178
35.8 2.01563 0.180625
35.9 2.01789 -0.0325354
36 2.00684 -0.165898
36.1 1.9866 -0.244682
36.2 1.95981 -0.287002
36.3 1.92969 -0.313919
36.4 1.89743 -0.333608
36.5 1.86335 -0.348793
36.6 1.82779 -0.362272
36.7 1.79092 -0.375544
36.8 1.7527 -0.389193
36.9 1.71307 -0.403718
37 1.67192 -0.419526
37.1 1.62911 -0.43696
37.2 1.58446 -0.456394
37.3 1.53775 -0.478258
37.4 1.48871 -0.503075
37.5 1.43702 -0.531501
37.6 1.38226 -0.564377
37.7 1.32396 -0.602795
37.8 1.26147 -0.648201
37.9 1.19402 -0.70253
38 1.12059 -0.768415
38.1 1.03984 -0.849479
38.2 0.950021 -0.950763
38.3 0.848783 -1.07934
38.4 0.732924 -1.2451
38.5 0.598076 -1.46165
38.6 0.438299 -1.74669
38.7 0.245727 -2.11981
38.8 0.0107661 -2.59228
38.9 -0.275803 -3.13699
39 -0.616035 -3.62944
39.1 -0.991519 -3.80835
39.2 -1.35464 -3.42117
39.3 -1.65148 -2.52667
39.4 -1.85635 -1.49185
39.5 -1.96939 -0.690559
39.6 -2.01263 -0.235166
39.7 -2.01875 0.00114982
39.8 -2.00959 0.145873
39.9 -1.9909 0.233719
40 -1.96503 0.280871
40.1 -1.93537 0.309628
40.2 -1.90348 0.330426
40.3 -1.8697 0.346213
40.4 -1.8344 0.359845
40.5 -1.79777 0.373101
40.6 -1.7598 0.386644
40.7 -1.72043 0.400974
40.8 -1.67957 0.416521
40.9 -1.63708 0.433632
41 -1.59278 0.45267
41.1 -1.54646 0.474053
41.2 -1.49787 0.498285
41.3 -1.44669 0.525995
41.4 -1.39253 0.557983
41.5 -1.33492 0.595291
41.6 -1.27325 0.63929
41.7 -1.20678 0.691813
41.8 -1.13453 0.755347
41.9 -1.05523 0.833304
42 -0.967232 0.93043
42.1 -0.868294 1.05337
42.2 -0.755398 1.21142
42.3 -0.624417 1.41748
42.4 -0.46973 1.6885
42.5 -0.283837 2.04417
42.6 -0.0573874 2.49873
42.7 0.21923 3.03571
42.8 0.550204 3.55353
42.9 0.921991 3.81308
43 1.29182 3.5372
43.1 1.60371 2.71369
43.2 1.82601 1.6724
43.3 1.95484 0.810254
43.4 2.00843 0.296972
43.5 2.01915 0.0329744
43.6 2.01203 -0.123952
43.7 1.99496 -0.22136
43.8 1.97014 -0.274172
43.9 1.94098 -0.30509
44 1.90947 -0.327073
44.1 1.87601 -0.343566
44.2 1.84096 -0.357408
44.3 1.80457 -0.370669
44.4 1.76685 -0.384121
44.5 1.72774 -0.398272
44.6 1.68716 -0.413569
44.7 1.64498 -0.430368
44.8 1.60103 -0.449024
44.9 1.5551 -0.469943
45 1.50695 -0.493611
45.1 1.45627 -0.52063
45.2 1.40269 -0.551766
45.3 1.34575 -0.588009
45.4 1.28487 -0.630662
45.5 1.21934 -0.681462
45.6 1.14823 -0.742757
45.7 1.07034 -0.817767
45.8 0.984079 -0.910953
45.9 0.887341 -1.02856
46 0.77727 -1.17935
46.1 0.64997 -1.37547
46.2 0.500122 -1.63316
46.3 0.320591 -1.97192
46.4 0.102317 -2.40817
46.5 -0.164523 -2.9342
46.6 -0.485828 -3.46919
46.7 -0.852449 -3.79906
46.8 -1.22697 -3.63381
46.9 -1.55286 -2.89325
47 -1.79248 -1.85966
47.1 -1.93772 -0.942479
47.2 -2.00282 -0.3672
47.3 -2.01901 -0.0703221
47.4 -2.01414 0.100094
47.5 -1.99874 0.20746
47.6 -1.9751 0.266781
47.7 -1.94652 0.300279
47.8 -1.91539 0.323532
47.9 -1.88226 0.340833
48 -1.84748 0.354956
48.1 -1.81133 0.368243
48.2 -1.77385 0.381622
48.3 -1.73501 0.395608
48.4 -1.6947 0.410668
48.5 -1.65283 0.427166
48.6 -1.60921 0.445453
48.7 -1.56366 0.465925
48.8 -1.51594 0.489049
48.9 -1.46575 0.515403
49 -1.41273 0.545719
49.1 -1.35644 0.580941
49.2 -1.29634 0.622306
49.3 -1.23172 0.67146
49.4 -1.16171 0.730624
49.5 -1.08517 0.802833
49.6 -1.00058 0.892287
49.7 -0.905945 1.00486
49.8 -0.79857 1.14877
49.9 -0.674772 1.33551
50 -0.529526 1.58054
50.1 -0.356052 1.90298
50.2 -0.145613 2.32079
50.3 0.111678 2.83338
50.4 0.423054 3.3783
50.5 0.783241 3.76785
50.6 1.16042 3.70996
50.7 1.49904 3.06266
50.8 1.75574 2.05137
50.9 1.91787 1.08709
51 1.99557 0.446981
51.1 2.01822 0.11154
51.2 2.01592 -0.0742402
51.3 2.00225 -0.191894
51.4 1.9799 -0.258558
51.5 1.95198 -0.295162
51.6 1.92124 -0.319789
51.7 1.88846 -0.337995
51.8 1.85395 -0.35248
51.9 1.81804 -0.36582
52 1.78081 -0.379144
52.1 1.74222 -0.392981
52.2 1.70219 -0.407814
52.3 1.66061 -0.424024
52.4 1.61733 -0.441956
52.5 1.57215 -0.461995
52.6 1.52485 -0.484595
52.7 1.47513 -0.510308
52.8 1.42266 -0.539836
52.9 1.36701 -0.574077
53 1.30765 -0.614209
53.1 1.24392 -0.661792
53.2 1.17498 -0.718925
53.3 1.09973 -0.788472
53.4 1.01674 -0.874389
53.5 0.924124 -0.982193
53.6 0.819323 -1.11962
53.7 0.698861 -1.29749
53.8 0.55799 -1.53051
53.9 0.390278 -1.83728
54 0.187334 -2.23675
54.1 -0.0606749 -2.73401
54.2 -0.36199 -3.28261
54.3 -0.714685 -3.72127
54.4 -1.09254 -3.76515
54.5 -1.44238 -3.21938
54.6 -1.71577 -2.24504
54.7 -1.89513 -1.24353
54.8 -1.98648 -0.537347
54.9 -2.01666 -0.157443
55 -2.01736 0.046284
55.1 -2.00545 0.174567
55.2 -1.98452 0.249345
55.3 -1.95735 0.289686
55.4 -1.92702 0.315833
55.5 -1.8946 0.335032
55.6 -1.86038 0.349972
55.7 -1.82471 0.363398
55.8 -1.78773 0.376682
55.9 -1.74939 0.390387
56 -1.70963 0.405007
56.1 -1.66835 0.42094
56.2 -1.62539 0.438529
56.3 -1.58057 0.458151
56.4 -1.53368 0.480244
56.5 -1.48443 0.505341
56.6 -1.43249 0.53411
56.7 -1.37745 0.56741
56.8 -1.31882 0.60636
56.9 -1.25595 0.652441
57 -1.18803 0.707638
57.1 -1.11403 0.774656
57.2 -1.03258 0.857219
57.3 -0.941898 0.960515
57.4 -0.839554 1.09182
57.5 -0.72227 1.26131
57.6 -0.58556 1.48294
57.7 -0.423329 1.77472
57.8 -0.227544 2.1561
57.9 0.0114823 2.63667
58 0.302716 3.18367
58.1 0.647062 3.66129
58.2 1.02371 3.79942
58.3 1.38305 3.36106
58.4 1.67261 2.43802
58.5 1.86937 1.41082
58.6 1.97533 0.639169
58.7 2.01416 0.208996
58.8 2.0184 -0.0160469
58.9 2.00835 -0.155409
59 1.98893 -0.238975
59.1 1.96262 -0.283783
59.2 1.93274 -0.311651
59.3 1.90068 -0.331925
59.4 1.86676 -0.347419
59.5 1.83134 -0.360973
59.6 1.79459 -0.374235
59.7 1.75651 -0.387824
59.8 1.71701 -0.402244
59.9 1.67602 -0.41791
60 1.63338 -0.43517
60.1 1.58892 -0.45439
60.2 1.54243 -0.475994
60.3 1.49363 -0.500495
60.4 1.44221 -0.528535
60.5 1.38778 -0.560931
60.6 1.32984 -0.598749
60.7 1.2678 -0.643393
60.8 1.20088 -0.696745
60.9 1.12808 -0.761356
61 1.04812 -0.840737
61.1 0.959283 -0.939766
61.2 0.859289 -1.06528
61.3 0.745034 -1.22686
61.4 0.612281 -1.43772
61.5 0.455261 -1.71517
61.6 0.266305 -2.07888
61.7 0.0359431 -2.54183
61.8 -0.245279 -3.08285
61.9 -0.580615 -3.58996
62 -0.954314 -3.8133
62.1 -1.32127 -3.48564
62.2 -1.62629 -2.62757
62.3 -1.8405 -1.58756
62.4 -1.9619 -0.753096
62.5 -2.01055 -0.267283
62.6 -2.01902 -0.0167541
62.7 -2.01094 0.134373
62.8 -1.9931 0.227285
62.9 -1.96778 0.277362
63 -1.93839 0.30723
63.1 -1.90669 0.328653
63.2 -1.87309 0.344805
63.3 -1.83792 0.358541
63.4 -1.80142 0.371798
63.5 -1.76358 0.38529
63.6 -1.72435 0.399522
63.7 -1.68364 0.414934
63.8 -1.64132 0.431877
63.9 -1.5972 0.450708
64 -1.5511 0.47184
64.1 -1.50274 0.495768
64.2 -1.45183 0.523105
64.3 -1.39798 0.554633
64.4 -1.34073 0.591365
64.5 -1.27949 0.634636
64.6 -1.21353 0.686226
64.7 -1.14189 0.748548
64.8 -1.06336 0.824908
64.9 -0.976297 0.919897
65 -0.878549 1.03994
65.1 -0.767182 1.19406
65.2 -0.638195 1.39472
65.3 -0.48613 1.65852
65.4 -0.303682 2.00507
65.5 -0.0816517 2.44985
65.6 0.189705 2.98132
65.7 0.515543 3.50929
65.8 0.884734 3.80781
65.9 1.25733 3.59143
66 1.57686 2.81093
66.1 1.80846 1.77197
66.2 1.946 0.879495
66.3 2.00561 0.333454
66.4 2.01915 0.0525339
66.5 2.0132 -0.111421
66.6 1.99702 -0.214118
66.7 1.97281 -0.270309
66.8 1.94396 -0.30255
66.9 1.91265 -0.325201
67 1.87936 -0.342114
67.1 1.84446 -0.356097
67.2 1.80819 -0.369369
67.3 1.77061 -0.38278
67.4 1.73164 -0.396841
67.5 1.69121 -0.41201
67.6 1.64919 -0.428646
67.7 1.60542 -0.447103
67.8 1.5597 -0.46778
67.9 1.51177 -0.491155
68 1.46136 -0.517815
68.1 1.40808 -0.548507
68.2 1.35149 -0.584199
68.3 1.29103 -0.626155
68.4 1.22599 -0.676064
68.5 1.15548 -0.736205
68.6 1.07831 -0.809697
68.7 0.992955 -0.90086
68.8 0.897356 -1.01573
68.9 0.788744 -1.16279
69 0.663341 -1.35382
69.1 0.515986 -1.60466
69.2 0.339736 -1.9346
69.3 0.125699 -2.36098
69.4 -0.135996 -2.88008
69.5 -0.452009 -3.42122
69.6 -0.815329 -3.78438
69.7 -1.19153 -3.67717
69.8 -1.5244 -2.98539
69.9 -1.77321 -1.96191
70 -1.92744 -1.01839
70.1 -1.99915 -0.408662
70.2 -2.01867 -0.091863
70.3 -2.01514 0.0865045
70.4 -2.00066 0.199339
70.5 -1.97769 0.262491
70.6 -1.94945 0.29758
70.7 -1.91853 0.321554
70.8 -1.88559 0.339328
70.9 -1.85095 0.353634
71 -1.81493 0.366945
71.1 -1.77759 0.380293
71.2 -1.73887 0.394197
71.3 -1.69872 0.409134
71.4 -1.657 0.425477
71.5 -1.61357 0.443572
71.6 -1.56822 0.46381
71.7 -1.52072 0.486651
71.8 -1.47078 0.512659
71.9 -1.41806 0.542549
72 -1.36212 0.577241
72.1 -1.30241 0.617939
72.2 -1.23828 0.666243
72.3 -1.16884 0.724307
72.4 -1.09299 0.795074
72.5 -1.00927 0.882611
72.6 -0.91573 0.992596
72.7 -0.809748 1.13299
72.8 -0.687757 1.31492
72.9 -0.544881 1.55344
73 -0.374528 1.86741
73.1 -0.168144 2.27537
73.2 0.0841409 2.77995
73.3 0.390139 3.32756
73.4 0.746433 3.7447
73.5 1.12422 3.74213
73.6 1.46904 3.14831
73.7 1.73474 2.15499
73.8 1.90606 1.16943
73.9 1.99095 0.493991
74 2.01749 0.135478
74.1 2.01674 -0.0595419
74.2 2.004 -0.18284
74.3 1.9824 -0.253758
74.4 1.95487 -0.292278
74.5 1.92435 -0.317698
74.6 1.89176 -0.336425
74.7 1.8574 -0.351142
74.8 1.82162 -0.364523
74.9 1.78452 -0.377824
75 1.74606 -0.391588
75.1 1.70618 -0.406305
75.2 1.66476 -0.422366
75.3 1.62165 -0.440113
75.4 1.57667 -0.459927
75.5 1.52959 -0.482252
75.6 1.48012 -0.507633
75.7 1.42794 -0.536751
75.8 1.37262 -0.570483
75.9 1.31365 -0.609976
76 1.25038 -0.656746
76.1 1.18199 -0.712831
76.2 1.10741 -0.781009
76.3 1.02526 -0.865107
76.4 0.93369 -0.970467
76.5 0.830219 -1.10457
76.6 0.711478 -1.2779
76.7 0.572861 -1.50474
76.8 0.408118 -1.8034
76.9 0.209048 -2.19314
77 -0.0341122 -2.6816
77.1 -0.330026 -3.22995
77.2 -0.678344 -3.69069
77.3 -1.05578 -3.78608
77.4 -1.41093 -3.29725
77.5 -1.69306 -2.34863
77.6 -1.88172 -1.33183
77.7 -1.98078 -0.590395
77.8 -2.01545 -0.184277
77.9 -2.01797 0.0303925
78 -2.00704 0.16454
78.1 -1.98691 0.243947
78.2 -1.96019 0.286584
78.3 -1.93009 0.313623
78.4 -1.89786 0.333387
78.5 -1.8638 0.348612
78.6 -1.82826 0.3621
78.7 -1.79141 0.37537
78.8 -1.75321 0.389011
78.9 -1.71359 0.403522
79 -1.67246 0.419311
79.1 -1.62968 0.436722
79.2 -1.58505 0.456127
79.3 -1.53837 0.477956
79.4 -1.48936 0.502731
79.5 -1.43771 0.531106
79.6 -1.383 0.563918
79.7 -1.32474 0.602256
79.8 -1.26231 0.647559
79.9 -1.19493 0.701758
80 -1.12158 0.767472
80.1 -1.04094 0.84831
80.2 -0.951254 0.949293
80.3 -0.850182 1.07746
80.4 -0.734537 1.24266
80.5 -0.599971 1.45845
80.6 -0.440563 1.74246
80.7 -0.248475 2.11433
80.8 -0.0141283 2.58555
80.9 0.271731 3.12984
81 0.611323 3.62438
81.1 0.986598 3.80933
81.2 1.35026 3.43001
81.3 1.6482 2.54012
81.4 1.8543 1.50439
81.5 1.96844 0.698635
81.6 2.01238 0.239295
81.7 2.01879 0.00117442
81.8 2.00977 -0.144382
81.9 1.9912 -0.23289
82 1.9654 -0.280416
82.1 1.93577 -0.309315
82.2 1.90391 -0.330194
82.3 1.87015 -0.346028
82.4 1.83487 -0.359672
82.5 1.79825 -0.372929
82.6 1.7603 -0.386464
82.7 1.72095 -0.400781
82.8 1.68011 -0.41631
82.9 1.63764 -0.433399
83 1.59337 -0.452409
83.1 1.54708 -0.473758
83.2 1.49852 -0.49795
83.3 1.44737 -0.52561
83.4 1.39326 -0.557536
83.5 1.33569 -0.594767
83.6 1.27408 -0.638669
83.7 1.20768 -0.691067
83.8 1.13551 -0.754438
83.9 1.05631 -0.832182
84 0.968438 -0.929021
84.1 0.86966 -1.05157
84.2 0.756968 -1.2091
84.3 0.626254 -1.41443
84.4 0.471919 -1.68449
84.5 0.286487 -2.03894
84.6 0.0606278 -2.49221
84.7 -0.21529 -3.02851
84.8 -0.54559 -3.5478
84.9 -0.917057 -3.81269
85 -1.28728 -3.54471
85.1 -1.6002 -2.72669
85.2 -1.82374 -1.68548
85.3 -1.95371 -0.819215
85.4 -2.00808 -0.301659
85.5 -2.01916 -0.0355094
85.6 -2.01219 0.122325
85.7 -1.99523 0.220427
85.8 -1.97049 0.273672
85.9 -1.94138 0.304758
86 -1.90989 0.326828
86.1 -1.87645 0.343375
86.2 -1.84142 0.357235
86.3 -1.80505 0.370497
86.4 -1.76735 0.383943
86.5 -1.72826 0.398082
86.6 -1.6877 0.413362
86.7 -1.64554 0.430139
86.8 -1.60161 0.448768
86.9 -1.55571 0.469655
87 -1.50759 0.493284
87.1 -1.45694 0.520255
87.2 -1.4034 0.551332
87.3 -1.34651 0.587501
87.4 -1.28569 0.630061
87.5 -1.22023 0.680742
87.6 -1.1492 0.741882
87.7 -1.0714 0.816688
87.8 -0.98526 0.909603
87.9 -0.888675 1.02684
88 -0.778799 1.17713
88.1 -0.651752 1.37257
88.2 -0.502239 1.62934
88.3 -0.323147 1.96692
88.4 -0.10544 2.40186
88.5 0.160715 2.92702
88.6 0.481324 3.46294
88.7 0.847527 3.79739
88.8 1.2223 3.63989
88.9 1.54914 2.90562
89 1.78999 1.87313
89.1 1.93641 0.952327
89.2 2.00236 0.372529
89.3 2.01897 0.0731082
89.4 2.01428 -0.0983281
89.5 1.999 -0.206413
89.6 1.97545 -0.266227
89.7 1.94691 -0.299927
89.8 1.9158 -0.323273
89.9 1.8827 -0.340635
90 1.84794 -0.354781
90.1 1.81181 -0.368071
90.2 1.77435 -0.381446
90.3 1.73552 -0.395421
90.4 1.69524 -0.410464
90.5 1.65338 -0.426942
90.6 1.60979 -0.445203
90.7 1.56427 -0.465643
90.8 1.51657 -0.48873
90.9 1.46642 -0.515038
91 1.41344 -0.545297
91.1 1.35719 -0.580448
91.2 1.29714 -0.621724
91.3 1.23259 -0.670764
91.4 1.16266 -0.729781
91.5 1.08621 -0.801796
91.6 1.00173 -0.890994
91.7 0.907247 -1.00322
91.8 0.800059 -1.14666
91.9 0.676503 -1.33275
92 0.531574 -1.57691
92.1 0.358518 -1.89822
92.2 0.148622 -2.31472
92.3 -0.108001 -2.82628
92.4 -0.418667 -3.37166
92.5 -0.778355 -3.76503
92.6 -1.15565 -3.71457
92.7 -1.49511 -3.07422
92.8 -1.75301 -2.06507
92.9 -1.91636 -1.0978
93 -1.99499 -0.453028
93.1 -2.01814 -0.11463
93.2 -2.01604 0.0723291
93.3 -2.00249 0.190725
93.4 -1.98024 0.257939
93.5 -1.95236 0.294786
93.6 -1.92165 0.319516
93.7 -1.8889 0.337789
93.8 -1.85441 0.352304
93.9 -1.81852 0.365648
94 -1.78131 0.378969
94.1 -1.74273 0.392796
94.2 -1.70272 0.407614
94.3 -1.66116 0.423804
94.4 -1.61791 0.441711
94.5 -1.57275 0.46172
94.6 -1.52548 0.484283
94.7 -1.47579 0.509952
94.8 -1.42336 0.539425
94.9 -1.36775 0.573598
95 -1.30845 0.613645
95.1 -1.24478 0.661118
95.2 -1.17591 0.718111
95.3 -1.10075 0.787475
95.4 -1.01787 0.873149
95.5 -0.925397 0.980625
95.6 -0.820774 1.11761
95.7 -0.700542 1.29487
95.8 -0.559973 1.52706
95.9 -0.392659 1.83275
96 -0.190234 2.23092
96.1 0.0571282 2.72703
96.2 0.357728 3.27569
96.3 0.709857 3.71743
96.4 1.08769 3.76827
96.5 1.43825 3.22994
96.6 1.71282 2.25878
96.7 1.8934 1.25504
96.8 1.98576 0.544179
96.9 2.01652 0.160899
97 2.01744 -0.0442181
97.1 2.00567 -0.173269
97.2 1.98484 -0.24865
97.3 1.95773 -0.289283
97.4 1.92743 -0.315544
97.5 1.89503 -0.334817
97.6 1.86083 -0.349793
97.7 1.82518 -0.363226
97.8 1.78822 -0.376508
97.9 1.74989 -0.390204
98 1.71015 -0.404809
98.1 1.66889 -0.420723
98.2 1.62596 -0.438289
98.3 1.58117 -0.457882
98.4 1.5343 -0.47994
98.5 1.48508 -0.504993
98.6 1.43318 -0.53371
98.7 1.37819 -0.566945
98.8 1.3196 -0.605813
98.9 1.25679 -0.65179
99 1.18895 -0.706853
99.1 1.11503 -0.773696
99.2 1.03369 -0.856028
99.3 0.943143 -0.959014
99.4 0.84097 -1.0899
99.5 0.723905 -1.25881
99.6 0.587482 -1.47966
99.7 0.425629 -1.7704
99.8 0.230339 -2.15052
99.9 -0.0080624 -2.62986
100 -0.298583 -3.17657
