0.1 0.5 -0.05
0.2 0.495 -0.1075
0.3 0.48425 -0.173232
0.4 0.466927 -0.248179
0.5 0.442109 -0.333686
0.6 0.40874 -0.431589
0.7 0.365581 -0.54436
0.8 0.311145 -0.67524
0.9 0.243621 -0.828328
1 0.160789 -1.00852
1.1 0.0599364 -1.22109
1.2 -0.0621728 -1.47043
1.3 -0.209215 -1.75716
1.4 -0.384931 -2.07229
1.5 -0.59216 -2.38684
1.6 -0.830844 -2.6376
1.7 -1.0946 -2.71789
1.8 -1.36639 -2.50071
1.9 -1.61646 -1.93044
2 -1.80951 -1.14605
2.1 -1.92411 -0.443803
2.2 -1.96849 -0.011542
2.3 -1.96965 0.191944
2.4 -1.95045 0.278368
2.5 -1.92262 0.31729
2.6 -1.89089 0.33844
2.7 -1.85704 0.353201
2.8 -1.82172 0.365935
2.9 -1.78513 0.378411
3 -1.74729 0.391431
3.1 -1.70814 0.405437
3.2 -1.6676 0.420745
3.3 -1.62553 0.437645
3.4 -1.58176 0.456446
3.5 -1.53612 0.477508
3.6 -1.48837 0.50127
3.7 -1.43824 0.528275
3.8 -1.38541 0.559203
3.9 -1.32949 0.594922
4 -1.27 0.636545
4.1 -1.20635 0.685517
4.2 -1.13779 0.743733
4.3 -1.06342 0.813695
4.4 -0.982051 0.898741
4.5 -0.892177 1.00334
4.6 -0.791842 1.1335
4.7 -0.678493 1.29724
4.8 -0.548769 1.5051
4.9 -0.398259 1.77034
5 -0.221224 2.10808
5.1 -0.0104164 2.53118
5.2 0.242702 3.03841
5.3 0.546543 3.58602
5.4 0.905145 4.03434
5.5 1.30858 4.08964
5.6 1.71754 3.3761
5.7 2.05515 1.8877
5.8 2.24392 0.465127
5.9 2.29044 -0.134641
6 2.27697 -0.249345
6.1 2.25204 -0.26836
6.2 2.2252 -0.275029
6.3 2.1977 -0.280193
6.4 2.16968 -0.285342
6.5 2.14114 -0.290728
6.6 2.11207 -0.29642
6.7 2.08243 -0.302454
6.8 2.05218 -0.308869
6.9 2.0213 -0.315703
7 1.98973 -0.323003
7.1 1.95743 -0.330822
7.2 1.92434 -0.339219
7.3 1.89042 -0.348265
7.4 1.8556 -0.358041
7.5 1.81979 -0.368645
7.6 1.78293 -0.380189
7.7 1.74491 -0.392808
7.8 1.70563 -0.406663
7.9 1.66496 -0.421949
8 1.62277 -0.438898
8.1 1.57888 -0.457798
8.2 1.5331 -0.479001
8.3 1.4852 -0.502943
8.4 1.4349 -0.530172
8.5 1.38189 -0.561377
8.6 1.32575 -0.597439
8.7 1.266 -0.639489
8.8 1.20206 -0.688997
8.9 1.13316 -0.74789
9 1.05837 -0.81872
9.1 0.976495 -0.904884
9.2 0.886006 -1.01094
9.3 0.784912 -1.14301
9.4 0.670611 -1.30927
9.5 0.539684 -1.52042
9.6 0.387642 -1.7899
9.7 0.208652 -2.13286
9.8 -0.00463368 -2.56172
9.9 -0.260806 -3.07359
10 -0.568165 -3.62042
10.1 -0.930207 -4.05394
10.2 -1.3356 -4.07015
10.3 -1.74262 -3.29853
10.4 -2.07247 -1.78064
10.5 -2.25053 -0.399905
10.6 -2.29052 0.150262
10.7 -2.2755 0.251697
10.8 -2.25033 0.268934
10.9 -2.22343 0.275379
11 -2.1959 0.280522
11.1 -2.16784 0.285683
11.2 -2.13927 0.291088
11.3 -2.11017 0.2968
11.4 -2.08049 0.302858
11.5 -2.0502 0.309299
11.6 -2.01927 0.316162
11.7 -1.98765 0.323494
11.8 -1.9553 0.331348
11.9 -1.92217 0.339785
12 -1.88819 0.348876
12.1 -1.8533 0.358703
12.2 -1.81743 0.369364
12.3 -1.7805 0.380974
12.4 -1.7424 0.393668
12.5 -1.70303 0.40761
12.6 -1.66227 0.422995
12.7 -1.61997 0.440062
12.8 -1.57597 0.4591
12.9 -1.53006 0.480466
13 -1.48201 0.504604
13.1 -1.43155 0.532068
13.2 -1.37834 0.56356
13.3 -1.32199 0.599973
13.4 -1.26199 0.642458
13.5 -1.19774 0.69251
13.6 -1.12849 0.752093
13.7 -1.05328 0.823804
13.8 -0.970903 0.911106
13.9 -0.879792 1.01865
14 -0.777927 1.15266
14.1 -0.662661 1.32148
14.2 -0.530514 1.53598
14.3 -0.376916 1.80977
14.4 -0.195939 2.15799
14.5 0.0198603 2.59261
14.6 0.279122 3.10895
14.7 0.590016 3.65438
14.8 0.955454 4.07182
14.9 1.36264 4.04721
15 1.76736 3.21744
15.1 2.0891 1.67422
15.2 2.25652 0.338779
15.3 2.2904 -0.164123
15.4 2.27399 -0.253792
15.5 2.24861 -0.269476
15.6 2.22166 -0.275725
15.7 2.19409 -0.280852
15.8 2.166 -0.286025
15.9 2.1374 -0.291449
16 2.10826 -0.297183
16.1 2.07854 -0.303264
16.2 2.04821 -0.309731
16.3 2.01724 -0.316623
16.4 1.98558 -0.323988
16.5 1.95318 -0.331878
16.6 1.91999 -0.340355
16.7 1.88596 -0.34949
16.8 1.85101 -0.359369
16.9 1.81507 -0.370087
17 1.77806 -0.381763
17.1 1.73988 -0.394533
17.2 1.70043 -0.408562
17.3 1.65957 -0.424049
17.4 1.61717 -0.441234
17.5 1.57305 -0.460411
17.6 1.52701 -0.481943
17.7 1.47881 -0.506278
17.8 1.42818 -0.533981
17.9 1.37479 -0.565762
18 1.31821 -0.602531
18.1 1.25796 -0.645458
18.2 1.19341 -0.696064
18.3 1.1238 -0.756347
18.4 1.04817 -0.828953
18.5 0.965274 -0.917413
18.6 0.873532 -1.02646
18.7 0.770886 -1.16246
18.8 0.65464 -1.33388
18.9 0.521253 -1.55179
19 0.366074 -1.82995
19.1 0.183079 -2.1835
19.2 -0.0352704 -2.62387
19.3 -0.297657 -3.14446
19.4 -0.612103 -3.68787
19.5 -0.98089 -4.08788
19.6 -1.38968 -4.02074
19.7 -1.79175 -3.13295
19.8 -2.10505 -1.56877
19.9 -2.26192 -0.281707
20 -2.2901 0.176404
20.1 -2.27245 0.255663
20.2 -2.24689 0.26999
20.3 -2.21989 0.276067
20.4 -2.19228 0.281183
20.5 -2.16416 0.286369
20.6 -2.13553 0.291811
20.7 -2.10635 0.297566
20.8 -2.07659 0.303672
20.9 -2.04622 0.310165
21 -2.01521 0.317086
21.1 -1.9835 0.324483
21.2 -1.95105 0.332409
21.3 -1.91781 0.340927
21.4 -1.88372 0.350108
21.5 -1.8487 0.360038
21.6 -1.8127 0.370815
21.7 -1.77562 0.382557
21.8 -1.73736 0.395403
21.9 -1.69782 0.409521
22 -1.65687 0.42511
22.1 -1.61436 0.442415
22.2 -1.57012 0.461733
22.3 -1.52395 0.483432
22.4 -1.4756 0.507967
22.5 -1.42481 0.535911
22.6 -1.37121 0.567986
22.7 -1.31442 0.605116
22.8 -1.2539 0.64849
22.9 -1.18906 0.699658
23 -1.11909 0.760652
23.1 -1.04302 0.834169
23.2 -0.959608 0.923807
23.3 -0.867227 1.03439
23.4 -0.763788 1.1724
23.5 -0.646547 1.34647
23.6 -0.5119 1.56785
23.7 -0.355115 1.85044
23.8 -0.17007 2.20937
23.9 0.0508669 2.65547
24 0.316414 3.18011
24.1 0.634425 3.72081
24.2 1.00651 4.10201
24.3 1.41671 3.99065
24.4 1.81577 3.04521
24.5 2.12029 1.46465
24.6 2.26676 0.228641
24.7 2.28962 -0.187267
24.8 2.2709 -0.257338
24.9 2.24516 -0.270478
25 2.21811 -0.276407
25.1 2.19047 -0.281514
25.2 2.16232 -0.286713
25.3 2.13365 -0.292175
25.4 2.10443 -0.297952
25.5 2.07464 -0.304081
25.6 2.04423 -0.310601
25.7 2.01317 -0.317552
25.8 1.98141 -0.324981
25.9 1.94892 -0.332943
26 1.91562 -0.341502
26.1 1.88147 -0.350729
26.2 1.8464 -0.36071
26.3 1.81033 -0.371546
26.4 1.77317 -0.383356
26.5 1.73484 -0.396279
26.6 1.69521 -0.410485
26.7 1.65416 -0.426178
26.8 1.61154 -0.443604
26.9 1.56718 -0.463065
27 1.52088 -0.484933
27.1 1.47238 -0.509671
27.2 1.42142 -0.537859
27.3 1.36763 -0.570232
27.4 1.31061 -0.607727
27.5 1.24983 -0.651556
27.6 1.18468 -0.703293
27.7 1.11435 -0.76501
27.8 1.03785 -0.839453
27.9 0.953903 -0.930289
28 0.860875 -1.04244
28.1 0.756631 -1.1825
28.2 0.638381 -1.35927
28.3 0.502454 -1.58417
28.4 0.344037 -1.87127
28.5 0.15691 -2.23562
28.6 -0.0666525 -2.68743
28.7 -0.335396 -3.21587
28.8 -0.656982 -3.75315
28.9 -1.0323 -4.11409
29 -1.44371 -3.95685
29.1 -1.83939 -2.95441
29.2 -2.13483 -1.36219
29.3 -2.27105 -0.179505
29.4 -2.289 0.196865
29.5 -2.26931 0.258842
29.6 -2.24343 0.270946
29.7 -2.21634 0.276745
29.8 -2.18866 0.281845
29.9 -2.16048 0.287059
30 -2.13177 0.29254
30.1 -2.10252 0.298339
30.2 -2.07268 0.304492
30.3 -2.04223 0.311038
30.4 -2.01113 0.318019
30.5 -1.97933 0.325481
30.6 -1.94678 0.33348
30.7 -1.91343 0.342079
30.8 -1.87922 0.351353
30.9 -1.84409 0.361386
31 -1.80795 0.372282
31.1 -1.77072 0.384159
31.2 -1.73231 0.39716
31.3 -1.69259 0.411456
31.4 -1.65144 0.427254
31.5 -1.60872 0.444802
31.6 -1.56424 0.464407
31.7 -1.5178 0.486446
31.8 -1.46915 0.511389
31.9 -1.41801 0.539824
32 -1.36403 0.572498
32.1 -1.30678 0.610365
32.2 -1.24575 0.654655
32.3 -1.18028 0.706971
32.4 -1.10958 0.769422
32.5 -1.03264 0.844806
32.6 -0.948161 0.93686
32.7 -0.854475 1.0506
32.8 -0.749415 1.19275
32.9 -0.63014 1.37227
33 -0.492913 1.60076
33.1 -0.332837 1.89241
33.2 -0.143596 2.26225
33.3 0.0826296 2.71973
33.4 0.354603 3.2517
33.5 0.679773 3.78481
33.6 1.05825 4.12401
33.7 1.47065 3.91929
33.8 1.86258 2.86073
33.9 2.14866 1.26172
34 2.27483 0.134195
34.1 2.28825 -0.205336
34.2 2.26771 -0.260197
34.3 2.24169 -0.271394
34.4 2.21456 -0.277081
34.5 2.18685 -0.282177
34.6 2.15863 -0.287406
34.7 2.12989 -0.292906
34.8 2.1006 -0.298727
34.9 2.07073 -0.304905
35 2.04024 -0.311478
35.1 2.00909 -0.318488
35.2 1.97724 -0.325983
35.3 1.94464 -0.334019
35.4 1.91124 -0.34266
35.5 1.87697 -0.35198
35.6 1.84177 -0.362066
35.7 1.80557 -0.373022
35.8 1.76827 -0.384967
35.9 1.72977 -0.398047
36 1.68996 -0.412434
36.1 1.64872 -0.428337
36.2 1.60589 -0.446008
36.3 1.56129 -0.465759
36.4 1.51471 -0.487971
36.5 1.46591 -0.513121
36.6 1.4146 -0.541807
36.7 1.36042 -0.574787
36.8 1.30294 -0.61303
36.9 1.24164 -0.657787
37 1.17586 -0.710691
37.1 1.10479 -0.773888
37.2 1.0274 -0.850229
37.3 0.942379 -0.943522
37.4 0.848027 -1.05888
37.5 0.742139 -1.20316
37.6 0.621823 -1.38547
37.7 0.483276 -1.61761
37.8 0.321515 -1.9139
37.9 0.130125 -2.28926
38 -0.0988008 -2.75237
38.1 -0.374038 -3.28759
38.2 -0.702797 -3.81572
38.3 -1.08437 -4.13165
38.4 -1.49753 -3.87789
38.5 -1.88532 -2.7644
38.6 -2.16176 -1.16357
38.7 -2.27812 -0.0925842
38.8 -2.28738 0.21281
38.9 -2.2661 0.261421
39 -2.23995 0.271825
39.1 -2.21277 0.277415
39.2 -2.18503 0.28251
39.3 -2.15678 0.287754
39.4 -2.128 0.293274
39.5 -2.09868 0.299117
39.6 -2.06877 0.305319
39.7 -2.03823 0.311919
39.8 -2.00704 0.318959
39.9 -1.97515 0.326488
40 -1.9425 0.334561
40.1 -1.90904 0.343243
40.2 -1.87472 0.35261
40.3 -1.83946 0.36275
40.4 -1.80318 0.373766
40.5 -1.7658 0.38578
40.6 -1.72723 0.398939
40.7 -1.68733 0.413418
40.8 -1.64599 0.429427
40.9 -1.60305 0.447224
41 -1.55833 0.467121
41.1 -1.51161 0.489509
41.2 -1.46266 0.514869
41.3 -1.41118 0.543809
41.4 -1.35679 0.577098
41.5 -1.29908 0.615722
41.6 -1.23751 0.660954
41.7 -1.17142 0.714454
41.8 -1.09997 0.778409
41.9 -1.02213 0.855723
42 -0.936558 0.950277
42.1 -0.84153 1.06728
42.2 -0.734802 1.21373
42.3 -0.613429 1.39889
42.4 -0.473541 1.63473
42.5 -0.310068 1.93571
42.6 -0.116496 2.31664
42.7 0.115168 2.78533
42.8 0.393702 3.3235
42.9 0.726051 3.84579
43 1.11063 4.13689
43.1 1.52432 3.83263
43.2 1.90758 2.66566
43.3 2.17415 1.06804
43.4 2.28095 0.054524
43.5 2.2864 -0.219401
43.6 2.26446 -0.262532
43.7 2.23821 -0.272242
43.8 2.21099 -0.277747
43.9 2.18321 -0.282844
44 2.15493 -0.288104
44.1 2.12612 -0.293643
44.2 2.09675 -0.299508
44.3 2.0668 -0.305735
44.4 2.03623 -0.312362
44.5 2.00499 -0.319433
44.6 1.97305 -0.326995
44.7 1.94035 -0.335105
44.8 1.90684 -0.34383
44.9 1.87246 -0.353244
45 1.83713 -0.363437
45.1 1.80079 -0.374514
45.2 1.76334 -0.386598
45.3 1.72468 -0.399837
45.4 1.68469 -0.414408
45.5 1.64325 -0.430525
45.6 1.6002 -0.448448
45.7 1.55536 -0.468495
45.8 1.50851 -0.491059
45.9 1.4594 -0.516632
46 1.40774 -0.545828
46.1 1.35315 -0.579432
46.2 1.29521 -0.618442
46.3 1.23337 -0.664156
46.4 1.16695 -0.718262
46.5 1.09513 -0.782987
46.6 1.01683 -0.86129
46.7 0.930697 -0.957127
46.8 0.834985 -1.07581
46.9 0.727404 -1.22446
47 0.604958 -1.41252
47.1 0.463706 -1.65213
47.2 0.298494 -1.95787
47.3 0.102707 -2.34441
47.4 -0.131734 -2.81861
47.5 -0.413595 -3.35938
47.6 -0.749533 -3.87496
47.7 -1.13703 -4.13961
47.8 -1.55099 -3.78346
47.9 -1.92934 -2.56478
48 -2.18581 -0.975405
48.1 -2.28336 -0.0198492
48.2 -2.28534 0.225214
48.3 -2.26282 0.263542
48.4 -2.23646 0.272647
48.5 -2.2092 0.278079
48.6 -2.18139 0.283178
48.7 -2.15307 0.288454
48.8 -2.12423 0.294013
48.9 -2.09483 0.299901
49 -2.06484 0.306153
49.1 -2.03422 0.312807
49.2 -2.00294 0.319908
49.3 -1.97095 0.327504
49.4 -1.9382 0.335652
49.5 -1.90463 0.344419
49.6 -1.87019 0.353881
49.7 -1.8348 0.364128
49.8 -1.79839 0.375266
49.9 -1.76087 0.38742
50 -1.72212 0.40074
50.1 -1.68205 0.415405
50.2 -1.64051 0.431631
50.3 -1.59735 0.449681
50.4 -1.55238 0.469878
50.5 -1.50539 0.492622
50.6 -1.45613 0.518409
50.7 -1.40429 0.547867
50.8 -1.3495 0.581788
50.9 -1.29132 0.621191
51 -1.2292 0.667392
51.1 -1.16246 0.722113
51.2 -1.09025 0.787621
51.3 -1.01149 0.86693
51.4 -0.924797 0.964071
51.5 -0.828389 1.08446
51.6 -0.719943 1.23535
51.7 -0.596408 1.42636
51.8 -0.453772 1.6698
51.9 -0.286792 1.98037
52 -0.0887551 2.37255
52.1 0.1485 2.85219
52.2 0.433719 3.3952
52.3 0.773239 3.90314
52.4 1.16355 4.1397
52.5 1.57752 3.73038
52.6 1.95056 2.46203
52.7 2.19676 0.885929
52.8 2.28536 -0.0116201
52.9 2.2842 -0.230342
53 2.26116 -0.264466
53.1 2.23471 -0.27304
53.2 2.20741 -0.27841
53.3 2.17957 -0.283514
53.4 2.15122 -0.288806
53.5 2.12234 -0.294385
53.6 2.0929 -0.300295
53.7 2.06287 -0.306572
53.8 2.03221 -0.313254
53.9 2.00089 -0.320385
54 1.96885 -0.328016
54.1 1.93605 -0.336202
54.2 1.90243 -0.345011
54.3 1.86793 -0.354521
54.4 1.83247 -0.364823
54.5 1.79599 -0.376023
54.6 1.75839 -0.388248
54.7 1.71956 -0.401649
54.8 1.6794 -0.416408
54.9 1.63776 -0.432744
55 1.59448 -0.450923
55.1 1.54939 -0.471272
55.2 1.50226 -0.494197
55.3 1.45284 -0.520203
55.4 1.40082 -0.549923
55.5 1.34583 -0.584167
55.6 1.28742 -0.623967
55.7 1.22502 -0.670665
55.8 1.15795 -0.72601
55.9 1.08535 -0.792313
56 1.00612 -0.872644
56.1 0.918855 -0.971113
56.2 0.821744 -1.09324
56.3 0.71242 -1.24642
56.4 0.587778 -1.44042
56.5 0.443736 -1.68776
56.6 0.27496 -2.00322
56.7 0.0746389 -2.40106
56.8 -0.165468 -2.88607
56.9 -0.454074 -3.43093
57 -0.797167 -3.93023
57.1 -1.19019 -4.13704
57.2 -1.60389 -3.67337
57.3 -1.97123 -2.35772
57.4 -2.207 -0.799838
57.5 -2.28699 0.0400746
57.6 -2.28298 0.234868
57.7 -2.25949 0.265313
57.8 -2.23296 0.273424
57.9 -2.20562 0.27874
58 -2.17774 0.28385
58.1 -2.14936 0.289159
58.2 -2.12044 0.294758
58.3 -2.09097 0.300691
58.4 -2.0609 0.306993
58.5 -2.0302 0.313703
58.6 -1.99883 0.320865
58.7 -1.96674 0.328529
58.8 -1.93389 0.336754
58.9 -1.90021 0.345607
59 -1.86565 0.355165
59.1 -1.83014 0.365521
59.2 -1.79359 0.376784
59.3 -1.75591 0.38908
59.4 -1.717 0.402564
59.5 -1.67674 0.417418
59.6 -1.635 0.433865
59.7 -1.59161 0.452174
59.8 -1.5464 0.472678
59.9 -1.49913 0.495786
60 -1.44955 0.522011
60.1 -1.39735 0.551999
60.2 -1.34215 0.586569
60.3 -1.28349 0.626773
60.4 -1.22082 0.673973
60.5 -1.15342 0.729953
60.6 -1.08042 0.797063
60.7 -1.00072 0.878434
60.8 -0.912873 0.978254
60.9 -0.815047 1.10215
61 -0.704833 1.25765
61.1 -0.579067 1.45471
61.2 -0.433597 1.706
61.3 -0.262997 2.02641
61.4 -0.0603561 2.42996
61.5 0.18264 2.92021
61.6 0.474661 3.46651
61.7 0.821312 3.95614
61.8 1.21693 4.13152
61.9 1.63008 3.61244
62 1.99132 2.25216
62.1 2.21654 0.717332
62.2 2.28827 -0.0657124
62.3 2.2817 -0.238866
62.4 2.25781 -0.266094
62.5 2.2312 -0.273799
62.6 2.20382 -0.27907
62.7 2.17592 -0.284187
62.8 2.1475 -0.289513
62.9 2.11855 -0.295133
63 2.08903 -0.301089
63.1 2.05893 -0.307416
63.2 2.02818 -0.314154
63.3 1.99677 -0.321347
63.4 1.96463 -0.329045
63.5 1.93173 -0.337309
63.6 1.898 -0.346205
63.7 1.86338 -0.355812
63.8 1.8278 -0.366224
63.9 1.79117 -0.377549
64 1.75342 -0.389918
64.1 1.71443 -0.403484
64.2 1.67408 -0.418435
64.3 1.63224 -0.434993
64.4 1.58874 -0.453434
64.5 1.54339 -0.474093
64.6 1.49598 -0.497387
64.7 1.44625 -0.523836
64.8 1.39386 -0.554094
64.9 1.33845 -0.588994
65 1.27955 -0.629607
65.1 1.21659 -0.677318
65.2 1.14886 -0.733942
65.3 1.07547 -0.801873
65.4 0.995279 -0.884301
65.5 0.906849 -0.985494
65.6 0.8083 -1.11119
65.7 0.697181 -1.26906
65.8 0.570275 -1.46922
65.9 0.423353 -1.72453
66 0.2509 -2.04995
66.1 0.0459045 -2.45923
66.2 -0.200018 -2.95462
66.3 -0.49548 -3.50191
66.4 -0.845671 -3.9808
66.5 -1.24375 -4.12301
66.6 -1.65605 -3.54764
66.7 -2.01082 -2.14568
66.8 -2.22538 -0.638575
66.9 -2.28924 0.0887356
67 -2.28037 0.242401
67.1 -2.25613 0.266817
67.2 -2.22945 0.274168
67.3 -2.20203 0.2794
67.4 -2.17409 0.284524
67.5 -2.14564 0.289868
67.6 -2.11665 0.295509
67.7 -2.0871 0.301487
67.8 -2.05695 0.30784
67.9 -2.02617 0.314606
68 -1.99471 0.32183
68.1 -1.96252 0.329564
68.2 -1.92957 0.337866
68.3 -1.89578 0.346806
68.4 -1.8611 0.356462
68.5 -1.82545 0.36693
68.6 -1.78876 0.378319
68.7 -1.75093 0.39076
68.8 -1.71185 0.40441
68.9 -1.67141 0.419458
69 -1.62947 0.43613
69.1 -1.58585 0.454704
69.2 -1.54038 0.47552
69.3 -1.49283 0.499002
69.4 -1.44293 0.525676
69.5 -1.39036 0.556208
69.6 -1.33474 0.591444
69.7 -1.2756 0.632471
69.8 -1.21235 0.6807
69.9 -1.14428 0.737978
70 -1.07048 0.806743
70.1 -0.989808 0.890246
70.2 -0.900783 0.992837
70.3 -0.801499 1.12036
70.4 -0.689463 1.28064
70.5 -0.561399 1.48396
70.6 -0.413003 1.74336
70.7 -0.238667 2.07385
70.8 -0.0312817 2.48887
70.9 0.217605 2.98928
71 0.516533 3.53707
71.1 0.870239 4.00408
71.2 1.27065 4.1114
71.3 1.68179 3.47901
71.4 2.02969 2.03862
71.5 2.23355 0.5637
71.6 2.28992 -0.109347
71.7 2.27899 -0.245531
71.8 2.25443 -0.267489
71.9 2.22768 -0.274529
72 2.20023 -0.279729
72.1 2.17226 -0.284863
72.2 2.14377 -0.290225
72.3 2.11475 -0.295886
72.4 2.08516 -0.301888
72.5 2.05497 -0.308266
72.6 2.02415 -0.315061
72.7 1.99264 -0.322316
72.8 1.96041 -0.330085
72.9 1.9274 -0.338426
73 1.89356 -0.34741
73.1 1.85882 -0.357116
73.2 1.8231 -0.36764
73.3 1.78634 -0.379092
73.4 1.74843 -0.391607
73.5 1.70927 -0.405342
73.6 1.66874 -0.420488
73.7 1.62669 -0.437274
73.8 1.58296 -0.455982
73.9 1.53736 -0.476958
74 1.48967 -0.50063
74.1 1.4396 -0.527532
74.2 1.38685 -0.558342
74.3 1.33102 -0.593917
74.4 1.27162 -0.635365
74.5 1.20809 -0.68412
74.6 1.13968 -0.742062
74.7 1.06547 -0.811675
74.8 0.984302 -0.89627
74.9 0.894675 -1.00028
75 0.794646 -1.12967
75.1 0.681679 -1.2924
75.2 0.552438 -1.49894
75.3 0.402544 -1.76248
75.4 0.226296 -2.09811
75.5 0.016485 -2.51888
75.6 -0.235403 -3.02416
75.7 -0.537819 -3.57194
75.8 -0.895013 -4.02591
75.9 -1.2976 -4.0966
76 -1.70726 -3.40661
76.1 -2.04792 -1.93132
76.2 -2.24106 -0.492804
76.3 -2.29034 0.127746
76.4 -2.27756 0.248307
76.5 -2.25273 0.268117
76.6 -2.22592 0.274885
76.7 -2.19843 0.280058
76.8 -2.17043 0.285203
76.9 -2.14191 0.290582
77 -2.11285 0.296265
77.1 -2.08322 0.30229
77.2 -2.05299 0.308694
77.3 -2.02212 0.315517
77.4 -1.99057 0.322804
77.5 -1.95829 0.330608
77.6 -1.92523 0.338989
77.7 -1.89133 0.348017
77.8 -1.85653 0.357773
77.9 -1.82075 0.368353
78 -1.78392 0.379871
78.1 -1.74593 0.39246
78.2 -1.70668 0.40628
78.3 -1.66605 0.421525
78.4 -1.6239 0.438427
78.5 -1.58006 0.457271
78.6 -1.53433 0.478407
78.7 -1.48649 0.502271
78.8 -1.43626 0.529405
78.9 -1.38332 0.560495
79 -1.32727 0.596415
79.1 -1.26763 0.63829
79.2 -1.2038 0.687578
79.3 -1.13505 0.746194
79.4 -1.06043 0.816669
79.5 -0.97876 0.902376
79.6 -0.888523 1.00784
79.7 -0.787739 1.13912
79.8 -0.673827 1.30435
79.9 -0.543392 1.51416
80 -0.391976 1.78191
80.1 -0.213785 2.12273
80.2 -0.00151167 2.54925
80.3 0.253414 3.05925
80.4 0.559339 3.60647
80.5 0.919986 4.04617
80.6 1.3246 4.07849
80.7 1.73245 3.33052
80.8 2.0655 1.82414
80.9 2.24792 0.42595
81 2.29051 -0.144129
81.1 2.2761 -0.250773
81.2 2.25102 -0.268705
81.3 2.22415 -0.275237
81.4 2.19663 -0.280388
81.5 2.16859 -0.285544
81.6 2.14004 -0.290941
81.7 2.11094 -0.296645
81.8 2.08128 -0.302694
81.9 2.05101 -0.309124
82 2.0201 -0.315975
82.1 1.9885 -0.323294
82.2 1.95617 -0.331134
82.3 1.92306 -0.339554
82.4 1.8891 -0.348627
82.5 1.85424 -0.358433
82.6 1.81839 -0.369071
82.7 1.78149 -0.380654
82.8 1.74342 -0.393317
82.9 1.70409 -0.407224
83 1.66337 -0.422568
83.1 1.62111 -0.439587
83.2 1.57715 -0.458569
83.3 1.53129 -0.479868
83.4 1.48331 -0.503926
83.5 1.43292 -0.531294
83.6 1.37979 -0.562669
83.7 1.32352 -0.598938
83.8 1.26363 -0.641246
83.9 1.1995 -0.691076
84 1.13039 -0.750377
84.1 1.05536 -0.821727
84.2 0.973183 -0.908564
84.3 0.882327 -1.0155
84.4 0.780777 -1.14872
84.5 0.665905 -1.31648
84.6 0.534257 -1.52962
84.7 0.381295 -1.80165
84.8 0.201131 -2.14772
84.9 -0.0136411 -2.58
85 -0.271641 -3.09454
85.1 -0.581095 -3.64061
85.2 -0.945156 -4.06476
85.3 -1.35163 -4.05697
85.4 -1.75733 -3.25086
85.5 -2.08241 -1.71743
85.6 -2.25416 -0.363166
85.7 -2.29047 0.158682
85.8 -2.27461 0.252968
85.9 -2.24931 0.269259
86 -2.22238 0.275584
86.1 -2.19483 0.280718
86.2 -2.16675 0.285886
86.3 -2.13816 0.291302
86.4 -2.10903 0.297027
86.5 -2.07933 0.303099
86.6 -2.04902 0.309555
86.7 -2.01807 0.316435
86.8 -1.98642 0.323787
86.9 -1.95404 0.331662
87 -1.92088 0.340123
87.1 -1.88687 0.34924
87.2 -1.85194 0.359097
87.3 -1.81603 0.369793
87.4 -1.77905 0.381441
87.5 -1.74091 0.39418
87.6 -1.70149 0.408174
87.7 -1.66067 0.423619
87.8 -1.61831 0.440756
87.9 -1.57424 0.459876
88 -1.52825 0.48134
88.1 -1.48011 0.505595
88.2 -1.42955 0.5332
88.3 -1.37623 0.564863
88.4 -1.31975 0.601487
88.5 -1.2596 0.644233
88.6 -1.19518 0.694613
88.7 -1.12572 0.754609
88.8 -1.05025 0.826849
88.9 -0.967569 0.914836
89 -0.876086 1.02327
89.1 -0.773759 1.15845
89.2 -0.657913 1.32881
89.3 -0.525033 1.54532
89.4 -0.3705 1.8217
89.5 -0.188331 2.17307
89.6 0.0289762 2.6111
89.7 0.290086 3.12999
89.8 0.603085 3.6743
89.9 0.970515 4.08157
90 1.37867 4.03195
90.1 1.78187 3.16774
90.2 2.09864 1.61155
90.3 2.2598 0.304448
90.4 2.29024 -0.171586
90.5 2.27308 -0.254927
90.6 2.24759 -0.269784
90.7 2.22061 -0.275928
90.8 2.19302 -0.281048
90.9 2.16491 -0.286229
91 2.13629 -0.291664
91.1 2.10712 -0.29741
91.2 2.07738 -0.303506
91.3 2.04703 -0.309988
91.4 2.01603 -0.316898
91.5 1.98434 -0.324281
91.6 1.95192 -0.332192
91.7 1.9187 -0.340693
91.8 1.88463 -0.349856
91.9 1.84964 -0.359765
92 1.81367 -0.370518
92.1 1.77661 -0.382233
92.2 1.73839 -0.395048
92.3 1.69889 -0.40913
92.4 1.65797 -0.424677
92.5 1.6155 -0.441933
92.6 1.57131 -0.461194
92.7 1.52519 -0.482824
92.8 1.47691 -0.507278
92.9 1.42618 -0.535123
93 1.37267 -0.567079
93.1 1.31596 -0.604061
93.2 1.25556 -0.647252
93.3 1.19083 -0.69819
93.4 1.12101 -0.758894
93.5 1.04512 -0.832038
93.6 0.961918 -0.921194
93.7 0.869799 -1.03115
93.8 0.766684 -1.16834
93.9 0.64985 -1.34132
94 0.515718 -1.56128
94.1 0.359589 -1.84206
94.2 0.175383 -2.1988
94.3 -0.0444965 -2.64257
94.4 -0.308753 -3.16558
94.5 -0.625312 -3.70747
94.6 -0.996059 -4.0965
94.7 -1.40571 -4.00334
94.8 -1.80604 -3.0813
94.9 -2.11417 -1.50685
95 -2.26486 -0.24976
95.1 -2.28983 0.183007
95.2 -2.27153 0.256678
95.3 -2.24587 0.270282
95.4 -2.21884 0.276269
95.5 -2.19121 0.281379
95.6 -2.16307 0.286573
95.7 -2.13441 0.292027
95.8 -2.10521 0.297795
95.9 -2.07543 0.303915
96 -2.04504 0.310423
96.1 -2.014 0.317362
96.2 -1.98226 0.324778
96.3 -1.94978 0.332726
96.4 -1.91651 0.341267
96.5 -1.88239 0.350476
96.6 -1.84734 0.360436
96.7 -1.81129 0.371248
96.8 -1.77417 0.38303
96.9 -1.73587 0.395922
97 -1.69627 0.410092
97.1 -1.65527 0.425742
97.2 -1.61269 0.443119
97.3 -1.56838 0.462521
97.4 -1.52213 0.48432
97.5 -1.47369 0.508976
97.6 -1.4228 0.537064
97.7 -1.36909 0.569315
97.8 -1.31216 0.606661
97.9 -1.25149 0.650304
98 -1.18646 0.701808
98.1 -1.11628 0.76323
98.2 -1.03996 0.837294
98.3 -0.95623 0.92764
98.4 -0.863466 1.03915
98.5 -0.759551 1.17837
98.6 -0.641714 1.35404
98.7 -0.50631 1.5775
98.8 -0.34856 1.86275
98.9 -0.162285 2.2249
99 0.0602047 2.67438
99.1 0.327643 3.2013
99.2 0.647773 3.74006
99.3 1.02178 4.10943
99.4 1.43272 3.97106
99.5 1.82983 2.99172
99.6 2.129 1.40367
99.7 2.26937 0.199036
99.8 2.28927 -0.193102
99.9 2.26996 -0.258249
100 2.24414 -0.270758
