0.1 0.497304 -0.0539162
0.2 0.488804 -0.116089
0.3 0.473622 -0.187543
0.4 0.450759 -0.26972
0.5 0.419041 -0.364648
0.6 0.377052 -0.475125
0.7 0.323051 -0.604898
0.8 0.254867 -0.758775
0.9 0.169805 -0.942462
1 0.0645968 -1.16171
1.1 -0.0644824 -1.41987
1.2 -0.221098 -1.71244
1.3 -0.407575 -2.01711
1.4 -0.622503 -2.28143
1.5 -0.857579 -2.4201
1.6 -1.0958 -2.34438
1.7 -1.31433 -2.02624
1.8 -1.49265 -1.54004
1.9 -1.62065 -1.02003
2 -1.70035 -0.57389
2.1 -1.74114 -0.241852
2.2 -1.75395 -0.014455
2.3 -1.74789 0.13561
2.4 -1.72938 0.234588
2.5 -1.70256 0.301868
2.6 -1.66995 0.350274
2.7 -1.63304 0.387907
2.8 -1.59266 0.419847
2.9 -1.5492 0.449357
3 -1.5028 0.478655
3.1 -1.45339 0.509403
3.2 -1.40077 0.543021
3.3 -1.34457 0.580907
3.4 -1.2843 0.624619
3.5 -1.21926 0.676055
3.6 -1.14858 0.737662
3.7 -1.07106 0.812722
3.8 -0.985137 0.905739
3.9 -0.8887 1.023
4 -0.778884 1.17332
4.1 -0.651768 1.36899
4.2 -0.501991 1.62655
4.3 -0.322365 1.96598
4.4 -0.103841 2.40449
4.5 0.163134 2.93501
4.6 0.483724 3.47678
4.7 0.848359 3.81593
4.8 1.2221 3.65882
4.9 1.55074 2.91405
5 1.79079 1.88691
5.1 1.93464 0.990102
5.2 2.00388 0.394649
5.3 2.02638 0.0553908
5.4 2.02288 -0.125381
5.5 2.00556 -0.220932
5.6 1.98085 -0.273319
5.7 1.95197 -0.304354
5.8 1.9205 -0.324975
5.9 1.88722 -0.340655
6 1.85248 -0.354185
6.1 1.81642 -0.367045
6.2 1.77906 -0.380072
6.3 1.74037 -0.393795
6.4 1.70025 -0.4086
6.5 1.65857 -0.424823
6.6 1.61519 -0.442803
6.7 1.56991 -0.46292
6.8 1.52248 -0.485624
6.9 1.47263 -0.511473
7 1.41999 -0.541175
7.1 1.36415 -0.57564
7.2 1.30457 -0.616062
7.3 1.24056 -0.664027
7.4 1.17128 -0.721674
7.5 1.0956 -0.791929
7.6 1.01206 -0.878841
7.7 0.918713 -0.98808
7.8 0.812928 -1.12763
7.9 0.691112 -1.30868
8 0.548352 -1.54652
8.1 0.378005 -1.86044
8.2 0.171495 -2.26975
8.3 -0.080894 -2.77803
8.4 -0.386412 -3.33234
8.5 -0.74102 -3.75981
8.6 -1.11749 -3.76965
8.7 -1.46483 -3.17712
8.8 -1.73284 -2.18304
8.9 -1.90287 -1.21756
9 -1.99046 -0.534231
9.1 -2.02376 -0.13181
9.2 -2.02609 0.0851491
9.3 -2.01186 0.199486
9.4 -1.98883 0.261239
9.5 -1.96092 0.296868
9.6 -1.93009 0.319704
9.7 -1.89729 0.336404
9.8 -1.86295 0.350337
9.9 -1.82727 0.363267
10 -1.7903 0.376168
10.1 -1.75201 0.389633
10.2 -1.71232 0.404077
10.3 -1.67113 0.419841
10.4 -1.62827 0.437261
10.5 -1.58357 0.456698
10.6 -1.53681 0.47858
10.7 -1.48771 0.503429
10.8 -1.43594 0.531901
10.9 -1.3811 0.564841
11 -1.3227 0.603348
11.1 -1.26008 0.648877
11.2 -1.19247 0.703384
11.3 -1.11883 0.769529
11.4 -1.0378 0.850985
11.5 -0.947606 0.952878
11.6 -0.845842 1.08242
11.7 -0.729233 1.24975
11.8 -0.593303 1.46885
11.9 -0.43196 1.758
12 -0.23719 2.1374
12.1 0.000585656 2.61812
12.2 0.290002 3.17021
12.3 0.631627 3.66229
12.4 1.0061 3.82715
12.5 1.36807 3.41223
12.6 1.6634 2.49432
12.7 1.86213 1.48043
12.8 1.97138 0.70451
12.9 2.01798 0.227439
13 2.02762 -0.0344943
13.1 2.01726 -0.172708
13.2 1.9963 -0.246488
13.3 1.96958 -0.288052
13.4 1.93949 -0.313778
13.5 1.9072 -0.331843
13.6 1.87329 -0.346362
13.7 1.838 -0.359463
13.8 1.80142 -0.372299
13.9 1.76352 -0.385548
14 1.72426 -0.399663
14.1 1.68353 -0.415001
14.2 1.64118 -0.431893
14.3 1.59706 -0.45069
14.4 1.55093 -0.471796
14.5 1.50256 -0.495702
14.6 1.45162 -0.523019
14.7 1.39774 -0.55453
14.8 1.34045 -0.59125
14.9 1.27917 -0.634515
15 1.21313 -0.686114
15.1 1.1414 -0.748471
15.2 1.06274 -0.824919
15.3 0.975485 -0.920097
15.4 0.877454 -1.04052
15.5 0.765661 -1.19535
15.6 0.636025 -1.39735
15.7 0.482979 -1.66358
15.8 0.299089 -2.01422
15.9 0.0751177 -2.4652
16 -0.198335 -3.00387
16.1 -0.525331 -3.53605
16.2 -0.893681 -3.83095
16.3 -1.26524 -3.60021
16.4 -1.58515 -2.79793
16.5 -1.81337 -1.76649
16.6 -1.9468 -0.902076
16.7 -2.009 -0.342001
16.8 -2.02744 -0.0268298
16.9 -2.02176 0.140427
17 -2.00329 0.228996
17.1 -1.97795 0.27789
17.2 -1.94869 0.307201
17.3 -1.91698 0.326981
17.4 -1.88352 0.342268
17.5 -1.84862 0.355639
17.6 -1.81242 0.368468
17.7 -1.77492 0.38154
17.8 -1.73607 0.395357
17.9 -1.69579 0.410297
18 -1.65394 0.426693
18.1 -1.61036 0.444884
18.2 -1.56486 0.465258
18.3 -1.51718 0.488274
18.4 -1.46704 0.514505
18.5 -1.41408 0.544677
18.6 -1.35786 0.579726
18.7 -1.29783 0.620883
18.8 -1.2333 0.669787
18.9 -1.16337 0.728647
19 -1.08692 0.800494
19.1 -1.00242 0.889526
19.2 -0.907859 1.00163
19.3 -0.800523 1.14508
19.4 -0.676694 1.3315
19.5 -0.531289 1.57662
19.6 -0.357455 1.90007
19.7 -0.146425 2.32053
19.8 0.111501 2.83797
19.9 0.422877 3.38955
20 0.781685 3.78663
20.1 1.15774 3.73452
20.2 1.49852 3.08104
20.3 1.75605 2.06948
20.4 1.91591 1.12785
20.5 1.99622 0.478311
20.6 2.02519 0.100969
20.7 2.02516 -0.101411
20.8 2.00969 -0.208126
20.9 1.98598 -0.266063
21 1.95768 -0.299814
21.1 1.92661 -0.321739
21.2 1.89362 -0.338013
21.3 1.85913 -0.351771
21.4 1.82331 -0.36466
21.5 1.7862 -0.377598
21.6 1.74776 -0.391151
21.7 1.70791 -0.405722
21.8 1.66655 -0.421651
21.9 1.6235 -0.439271
22 1.57859 -0.458953
22.1 1.53158 -0.48113
22.2 1.48221 -0.506338
22.3 1.43013 -0.535252
22.4 1.37493 -0.568739
22.5 1.3161 -0.607932
22.6 1.25298 -0.654333
22.7 1.18477 -0.709962
22.8 1.11039 -0.777574
22.9 1.02847 -0.860974
23 0.937143 -0.965482
23.1 0.83394 -1.09858
23.2 0.715471 -1.27079
23.3 0.577104 -1.49656
23.4 0.412547 -1.79457
23.5 0.213577 -2.18482
23.6 -0.0294628 -2.67599
23.7 -0.324781 -3.23038
23.8 -0.671391 -3.70181
23.9 -1.04711 -3.81253
24 -1.40429 -3.33111
24.1 -1.68987 -2.38051
24.2 -1.87796 -1.38119
24.3 -1.97897 -0.639047
24.4 -2.02044 -0.190355
24.5 -2.02725 0.0541861
24.6 -2.01538 0.183098
24.7 -1.99362 0.25218
24.8 -1.96644 0.291423
24.9 -1.93607 0.316017
25 -1.90359 0.333545
25.1 -1.86952 0.34783
25.2 -1.83408 0.360858
25.3 -1.79736 0.373711
25.4 -1.75932 0.387035
25.5 -1.7199 0.401267
25.6 -1.679 0.416758
25.7 -1.63647 0.433839
25.8 -1.59214 0.452867
25.9 -1.54578 0.474252
26 -1.49714 0.498497
26.1 -1.44591 0.526229
26.2 -1.39168 0.558253
26.3 -1.33399 0.595613
26.4 -1.27222 0.639689
26.5 -1.20562 0.692327
26.6 -1.13321 0.756037
26.7 -1.05369 0.834271
26.8 -0.965385 0.93184
26.9 -0.866018 1.0555
27 -0.752504 1.21478
27.1 -0.620621 1.42287
27.2 -0.464614 1.69728
27.3 -0.276836 2.05829
27.4 -0.0479058 2.52032
27.5 0.231359 3.06497
27.6 0.563861 3.58508
27.7 0.93489 3.83549
27.8 1.30353 3.53731
27.9 1.61482 2.6884
28 1.8322 1.65933
28.1 1.95649 0.826443
28.2 2.0127 0.297655
28.3 2.02773 0.0029959
28.4 2.02023 -0.152964
28.5 2.00079 -0.23576
28.6 1.97492 -0.281788
28.7 1.94534 -0.309695
28.8 1.91342 -0.328802
28.9 1.87979 -0.343785
29 1.84475 -0.357044
29.1 1.8084 -0.369868
29.2 1.77076 -0.383
29.3 1.73176 -0.396923
29.4 1.69131 -0.412005
29.5 1.64929 -0.428579
29.6 1.60551 -0.446988
29.7 1.55978 -0.467625
29.8 1.51185 -0.490962
29.9 1.46142 -0.517583
30 1.40813 -0.548235
30.1 1.35152 -0.583884
30.2 1.29104 -0.625796
30.3 1.22597 -0.675663
30.4 1.15539 -0.735773
30.5 1.07814 -0.809261
30.6 0.992656 -0.900482
30.7 0.896854 -1.01554
30.8 0.787925 -1.16304
30.9 0.662023 -1.355
31 0.513891 -1.60764
31.1 0.336466 -1.94086
31.2 0.120797 -2.37252
31.3 -0.142752 -2.89845
31.4 -0.459928 -3.44507
31.5 -0.822581 -3.808
31.6 -1.19757 -3.6918
31.7 -1.53119 -2.98052
31.8 -1.77806 -1.95702
31.9 -1.92801 -1.04186
32 -2.00139 -0.425674
32.1 -2.02628 -0.0721729
32.2 -2.02406 0.116574
32.3 -2.00742 0.216209
32.4 -1.98308 0.270612
32.5 -1.95442 0.302626
32.6 -1.9231 0.323709
32.7 -1.88993 0.339594
32.8 -1.85529 0.353195
32.9 -1.81933 0.366053
33 -1.78208 0.379035
33.1 -1.74349 0.392681
33.2 -1.70349 0.407384
33.3 -1.66195 0.42348
33.4 -1.61871 0.441306
33.5 -1.57358 0.461236
33.6 -1.52633 0.483716
33.7 -1.47668 0.509291
33.8 -1.42428 0.538657
33.9 -1.36872 0.572704
34 -1.30945 0.612601
34.1 -1.24583 0.659897
34.2 -1.177 0.716681
34.3 -1.10187 0.785804
34.4 -1.01902 0.871211
34.5 -0.92654 0.978421
34.6 -0.821858 1.1152
34.7 -0.701475 1.29246
34.8 -0.560596 1.52512
34.9 -0.392728 1.83224
35 -0.189442 2.23348
35.1 0.0589672 2.7347
35.2 0.360189 3.28973
35.3 0.711528 3.73705
35.4 1.0879 3.79049
35.5 1.43963 3.24407
35.6 1.71515 2.2663
35.7 1.89273 1.2853
35.8 1.98585 0.577171
35.9 2.0225 0.155674
36 2.02665 -0.0725442
36.1 2.01339 -0.192806
36.2 1.99087 -0.257533
36.3 1.96326 -0.294628
36.4 1.93262 -0.318176
36.5 1.89995 -0.33521
36.6 1.86573 -0.349284
36.7 1.83015 -0.362251
36.8 1.79328 -0.37513
36.9 1.7551 -0.388533
37 1.71553 -0.402886
37.1 1.67446 -0.418534
37.2 1.63174 -0.435809
37.3 1.58719 -0.455072
37.4 1.5406 -0.476742
37.5 1.4917 -0.501333
37.6 1.44016 -0.52949
37.7 1.38558 -0.562038
37.8 1.32748 -0.600055
37.9 1.26523 -0.644963
38 1.19804 -0.698671
38.1 1.12492 -0.763774
38.2 1.04454 -0.843849
38.3 0.955155 -0.943888
38.4 0.854415 -1.07091
38.5 0.73913 -1.23478
38.6 0.604933 -1.44916
38.7 0.445875 -1.732
38.8 0.254096 -2.10358
38.9 0.0200926 -2.5765
39 -0.265029 -3.12594
39.1 -0.602876 -3.631
39.2 -0.976088 -3.83324
39.3 -1.34112 -3.46743
39.4 -1.64333 -2.57675
39.5 -1.84991 -1.55483
39.6 -1.96538 -0.754585
39.7 -2.01591 -0.25609
39.8 -2.02776 0.019231
39.9 -2.01856 0.164665
40 -1.99822 0.242105
40.1 -1.97184 0.285479
40.2 -1.94197 0.312089
40.3 -1.90983 0.330576
40.4 -1.87604 0.345281
40.5 -1.84085 0.358444
40.6 -1.80437 0.371272
40.7 -1.76658 0.384469
40.8 -1.72743 0.398502
40.9 -1.68682 0.41373
41 -1.64461 0.430487
41.1 -1.60063 0.449118
41.2 -1.55467 0.470025
41.3 -1.50649 0.493688
41.4 -1.45577 0.520708
41.5 -1.40214 0.551853
41.6 -1.34514 0.588115
41.7 -1.28419 0.630802
41.8 -1.21857 0.68166
41.9 -1.14734 0.743055
42 -1.06927 0.818236
42.1 -0.982773 0.911717
42.2 -0.885695 1.02984
42.3 -0.775127 1.18152
42.4 -0.64709 1.37922
42.5 -0.496148 1.63962
42.6 -0.315025 1.98284
42.7 -0.0945986 2.42568
42.8 0.174651 2.95932
42.9 0.497544 3.49854
43 0.863647 3.82352
43.1 1.2369 3.64155
43.2 1.56279 2.87615
43.3 1.7989 1.84614
43.4 1.93919 0.959657
43.5 2.00598 0.376191
43.6 2.02706 0.0452964
43.7 2.02279 -0.130714
43.8 2.00506 -0.223778
43.9 1.98013 -0.274906
44 1.95112 -0.305313
44.1 1.91957 -0.325621
44.2 1.88623 -0.341149
44.3 1.85144 -0.354611
44.4 1.81534 -0.367448
44.5 1.77794 -0.38048
44.6 1.73921 -0.394224
44.7 1.69904 -0.409062
44.8 1.65732 -0.42533
44.9 1.61389 -0.443366
45 1.56854 -0.46355
45.1 1.52105 -0.486338
45.2 1.47112 -0.512289
45.3 1.4184 -0.542117
45.4 1.36246 -0.576738
45.5 1.30275 -0.617357
45.6 1.2386 -0.665573
45.7 1.16915 -0.723545
45.8 1.09326 -0.794225
45.9 1.00946 -0.881704
46 0.915793 -0.991707
46.1 0.809592 -1.1323
46.2 0.687238 -1.31478
46.3 0.543771 -1.55456
46.4 0.372491 -1.87104
46.5 0.16477 -2.28336
46.6 -0.0891065 -2.79417
46.7 -0.396213 -3.34795
46.8 -0.751989 -3.76757
46.9 -1.12841 -3.7609
47 -1.47404 -3.15161
47.1 -1.73923 -2.15226
47.2 -1.90649 -1.19294
47.3 -1.99208 -0.518779
47.4 -2.02418 -0.123262
47.5 -2.02586 0.0896592
47.6 -2.01128 0.201879
47.7 -1.98806 0.262572
47.8 -1.96005 0.297679
47.9 -1.92915 0.320261
48 -1.8963 0.336842
48.1 -1.86192 0.350726
48.2 -1.8262 0.363644
48.3 -1.78919 0.376554
48.4 -1.75086 0.390042
48.5 -1.71113 0.40452
48.6 -1.66989 0.420329
48.7 -1.62698 0.437802
48.8 -1.58223 0.457305
48.9 -1.5354 0.479266
49 -1.48622 0.504211
49.1 -1.43437 0.532802
49.2 -1.37944 0.565888
49.3 -1.32092 0.604579
49.4 -1.25817 0.650342
49.5 -1.1904 0.705149
49.6 -1.11655 0.771686
49.7 -1.03529 0.853662
49.8 -0.944791 0.956254
49.9 -0.842641 1.08675
50 -0.725535 1.25537
50.1 -0.588953 1.47626
50.2 -0.426751 1.76779
50.3 -0.230857 2.1501
50.4 0.00833228 2.63368
50.5 0.299343 3.18654
50.6 0.642339 3.67337
50.7 1.0172 3.82392
50.8 1.37794 3.39091
50.9 1.67067 2.46362
51 1.86652 1.45328
51.1 1.9735 0.686451
51.2 2.01868 0.217167
51.3 2.02754 -0.0399556
51.4 2.01677 -0.175587
51.5 1.99558 -0.248062
51.6 1.96873 -0.288981
51.7 1.93856 -0.314391
51.8 1.90623 -0.332307
51.9 1.87228 -0.346761
52 1.83695 -0.359841
52.1 1.80032 -0.37268
52.2 1.76239 -0.385949
52.3 1.72309 -0.400095
52.4 1.68231 -0.415474
52.5 1.63991 -0.432417
52.6 1.59573 -0.451276
52.7 1.54954 -0.472457
52.8 1.5011 -0.496453
52.9 1.45008 -0.523882
53 1.39611 -0.555531
53.1 1.33871 -0.592422
53.2 1.27729 -0.635904
53.3 1.21111 -0.687781
53.4 1.1392 -0.7505
53.5 1.0603 -0.827426
53.6 0.972766 -0.923243
53.7 0.874378 -1.04453
53.8 0.762124 -1.20055
53.9 0.631888 -1.40418
54 0.47805 -1.67259
54.1 0.293119 -2.02602
54.2 0.0678186 -2.47999
54.3 -0.2072 -3.02039
54.4 -0.535699 -3.54959
54.5 -0.90482 -3.83283
54.6 -1.27566 -3.58391
54.7 -1.59328 -2.76856
54.8 -1.81857 -1.73727
54.9 -1.9495 -0.881252
55 -2.01005 -0.329729
55.1 -2.02754 -0.0202207
55.2 -2.02136 0.143903
55.3 -2.00262 0.230868
55.4 -1.97713 0.278965
55.5 -1.94779 0.307885
55.6 -1.91602 0.327478
55.7 -1.88251 0.34268
55.8 -1.84758 0.35602
55.9 -1.81133 0.368846
56 -1.77379 0.381933
56.1 -1.73491 0.395779
56.2 -1.69458 0.410757
56.3 -1.65268 0.4272
56.4 -1.60905 0.445451
56.5 -1.56348 0.465895
56.6 -1.51574 0.488997
56.7 -1.46552 0.515333
56.8 -1.41248 0.545633
56.9 -1.35615 0.580843
57 -1.296 0.622203
57.1 -1.23132 0.671364
57.2 -1.16122 0.730559
57.3 -1.08455 0.802844
57.4 -0.999789 0.892461
57.5 -0.904898 1.00535
57.6 -0.797136 1.14989
57.7 -0.672753 1.33778
57.8 -0.526618 1.58491
57.9 -0.351823 1.91098
58 -0.139551 2.33447
58.1 0.119887 2.85428
58.2 0.432838 3.40474
58.3 0.792723 3.79296
58.4 1.16856 3.72372
58.5 1.50746 3.05428
58.6 1.76212 2.03894
58.7 1.91928 1.10423
58.8 1.99768 0.46376
58.9 2.02551 0.0929868
59 2.02488 -0.105616
59.1 2.00908 -0.210365
59.2 1.9852 -0.267319
59.3 1.9568 -0.300587
59.4 1.92566 -0.322278
59.5 1.89262 -0.338443
59.6 1.85809 -0.352157
59.7 1.82223 -0.365036
59.8 1.78508 -0.377986
59.9 1.74661 -0.391564
60 1.70672 -0.40617
60.1 1.6653 -0.422143
60.2 1.62221 -0.439819
60.3 1.57724 -0.459567
60.4 1.53017 -0.481825
60.5 1.48072 -0.507132
60.6 1.42855 -0.536167
60.7 1.37325 -0.569804
60.8 1.31431 -0.609186
60.9 1.25105 -0.655827
61 1.18268 -0.711765
61.1 1.1081 -0.77978
61.2 1.02592 -0.863717
61.3 0.93429 -0.968947
61.4 0.830691 -1.10303
61.5 0.71171 -1.27658
61.6 0.572671 -1.5042
61.7 0.407229 -1.80465
61.8 0.207104 -2.19785
61.9 -0.0373782 -2.69178
62 -0.334293 -3.24652
62.1 -0.682208 -3.71178
62.2 -1.05816 -3.80731
62.3 -1.41393 -3.30814
62.4 -1.69682 -2.34964
62.5 -1.88205 -1.35492
62.6 -1.9809 -0.621967
62.7 -2.02103 -0.180747
62.8 -2.02711 0.0592775
62.9 -2.01485 0.185788
63 -1.99288 0.25366
63.1 -1.96558 0.292306
63.2 -1.93514 0.316608
63.3 -1.90261 0.333998
63.4 -1.86849 0.348225
63.5 -1.83302 0.361235
63.6 -1.79626 0.374094
63.7 -1.75818 0.387439
63.8 -1.71872 0.401703
63.9 -1.67777 0.417236
64 -1.63519 0.43437
64.1 -1.5908 0.45346
64.2 -1.54438 0.474922
64.3 -1.49567 0.499259
64.4 -1.44436 0.527106
64.5 -1.39004 0.55927
64.6 -1.33223 0.596806
64.7 -1.27034 0.641105
64.8 -1.20358 0.694029
64.9 -1.13097 0.758112
65 -1.05123 0.836838
65.1 -0.962632 0.935067
65.2 -0.862897 1.05963
65.3 -0.748909 1.22013
65.4 -0.616408 1.4299
65.5 -0.459585 1.70656
65.6 -0.270736 2.07041
65.7 -0.0404452 2.5354
65.8 0.240399 3.08148
65.9 0.574364 3.59782
66 0.946033 3.83556
66.1 1.31377 3.51909
66.2 1.62264 2.65839
66.3 1.8371 1.6308
66.4 1.95897 0.806643
66.5 2.01361 0.286148
66.6 2.02776 -0.00316801
66.7 2.01979 -0.156208
66.8 2.00011 -0.237515
66.9 1.97409 -0.282805
67 1.94443 -0.310352
67.1 1.91245 -0.329286
67.2 1.87878 -0.344191
67.3 1.8437 -0.357423
67.4 1.80731 -0.370247
67.5 1.76963 -0.383396
67.6 1.73059 -0.397348
67.7 1.6901 -0.41247
67.8 1.64802 -0.429092
67.9 1.60419 -0.447562
68 1.5584 -0.468271
68.1 1.5104 -0.491695
68.2 1.45989 -0.518423
68.3 1.40651 -0.549208
68.4 1.3498 -0.58502
68.5 1.28919 -0.62714
68.6 1.22397 -0.677273
68.7 1.15322 -0.737726
68.8 1.07575 -0.811667
68.9 0.989996 -0.903492
69 0.893853 -1.01937
69.1 0.784485 -1.16799
69.2 0.658011 -1.36148
69.3 0.509128 -1.6162
69.4 0.330713 -1.9521
69.5 0.11377 -2.38678
69.6 -0.151313 -2.91488
69.7 -0.470044 -3.45974
69.8 -0.833671 -3.81279
69.9 -1.20826 -3.67895
70 -1.53984 -2.95265
70.1 -1.78381 -1.92686
70.2 -1.93112 -1.01926
70.3 -2.00268 -0.411989
70.4 -2.02652 -0.0647215
70.5 -2.02373 0.120495
70.6 -2.00679 0.218305
70.7 -1.98228 0.271797
70.8 -1.95353 0.303364
70.9 -1.92215 0.324232
71 -1.88893 0.340017
71.1 -1.85425 0.353578
71.2 -1.81825 0.36643
71.3 -1.78096 0.379425
71.4 -1.74234 0.393097
71.5 -1.70229 0.407836
71.6 -1.6607 0.423978
71.7 -1.61741 0.44186
71.8 -1.57222 0.461859
71.9 -1.52491 0.484421
72 -1.47518 0.510098
72.1 -1.4227 0.539587
72.2 -1.36703 0.573788
72.3 -1.30764 0.613878
72.4 -1.24388 0.661421
72.5 -1.17488 0.718522
72.6 -1.09955 0.788062
72.7 -1.01645 0.874022
72.8 -0.923648 0.981979
72.9 -0.81856 1.11978
73 -0.69765 1.29843
73.1 -0.556079 1.533
73.2 -0.387298 1.84262
73.3 -0.182824 2.24684
73.4 0.0670536 2.75071
73.5 0.369869 3.30559
73.6 0.722438 3.74579
73.7 1.09889 3.78323
73.8 1.44903 3.21958
73.9 1.72178 2.23542
74 1.89655 1.25997
74.1 1.9876 0.561043
74.2 2.02299 0.146692
74.3 2.02646 -0.0772909
74.4 2.01283 -0.19532
74.5 1.99011 -0.258926
74.6 1.9624 -0.295468
74.7 1.93168 -0.318747
74.8 1.89896 -0.335654
74.9 1.8647 -0.349675
75 1.82908 -0.362628
75.1 1.79218 -0.375514
75.2 1.75395 -0.38894
75.3 1.71434 -0.403326
75.4 1.67322 -0.419017
75.5 1.63045 -0.436345
75.6 1.58585 -0.455673
75.7 1.5392 -0.477421
75.8 1.49022 -0.502107
75.9 1.4386 -0.53038
76 1.38393 -0.563073
76.1 1.32571 -0.60127
76.2 1.26332 -0.646407
76.3 1.19598 -0.700409
76.4 1.12267 -0.765895
76.5 1.04205 -0.846479
76.6 0.952366 -0.9472
76.7 0.851248 -1.07515
76.8 0.735477 -1.24029
76.9 0.600642 -1.45641
77 0.440743 -1.74157
77.1 0.247862 -2.11603
77.2 0.0124676 -2.59186
77.3 -0.274244 -3.14237
77.4 -0.613504 -3.64282
77.5 -0.987216 -3.83143
77.6 -1.35116 -3.44738
77.7 -1.65084 -2.54628
77.8 -1.85451 -1.52707
77.9 -1.96765 -0.735798
78 -2.01671 -0.245311
78.1 -2.02772 0.0249786
78.2 -2.01809 0.167692
78.3 -1.99752 0.243753
78.4 -1.97101 0.286444
78.5 -1.94105 0.31272
78.6 -1.90886 0.331048
78.7 -1.87502 0.345683
78.8 -1.8398 0.358822
78.9 -1.80327 0.371652
79 -1.76545 0.384868
79.1 -1.72626 0.398931
79.2 -1.6856 0.4142
79.3 -1.64334 0.431006
79.4 -1.59931 0.449699
79.5 -1.55329 0.470679
79.6 -1.50503 0.494432
79.7 -1.45423 0.521562
79.8 -1.40051 0.552841
79.9 -1.34341 0.589272
80 -1.28233 0.632172
80.1 -1.21656 0.683303
80.2 -1.14514 0.745052
80.3 -1.06686 0.820699
80.4 -0.98008 0.914805
80.5 -0.882651 1.03377
80.6 -0.771632 1.18661
80.7 -0.643007 1.38589
80.8 -0.49129 1.64844
80.9 -0.309148 1.9944
81 -0.0874155 2.44025
81.1 0.183388 2.97582
81.2 0.507809 3.5126
81.3 0.874772 3.82667
81.4 1.24744 3.62669
81.5 1.57114 2.84735
81.6 1.80433 1.81649
81.7 1.94206 0.938081
81.8 2.00713 0.363336
81.9 2.02722 0.0383434
82 2.02242 -0.134371
82.1 2.00441 -0.22574
82.2 1.97932 -0.276026
82.3 1.95022 -0.306019
82.4 1.91861 -0.326128
82.5 1.88523 -0.341565
82.6 1.8504 -0.354992
82.7 1.81426 -0.367826
82.8 1.77682 -0.380872
82.9 1.73805 -0.394643
83 1.69784 -0.409519
83.1 1.65607 -0.425833
83.2 1.61258 -0.443927
83.3 1.56718 -0.464181
83.4 1.51962 -0.487053
83.5 1.46961 -0.513108
83.6 1.4168 -0.543062
83.7 1.36076 -0.577841
83.8 1.30093 -0.618658
83.9 1.23664 -0.667127
84 1.16701 -0.725427
84.1 1.09092 -0.796536
84.2 1.00686 -0.884586
84.3 0.912862 -0.995361
84.4 0.806243 -1.13701
84.5 0.683346 -1.32093
84.6 0.539166 -1.56268
84.7 0.366945 -1.88173
84.8 0.158006 -2.29706
84.9 -0.0973657 -2.81037
85 -0.406057 -3.36346
85.1 -0.762979 -3.77496
85.2 -1.13931 -3.7516
85.3 -1.48317 -3.12575
85.4 -1.74554 -2.12153
85.5 -1.91004 -1.16859
85.6 -1.99365 -0.503575
85.7 -2.02457 -0.114871
85.8 -2.02561 0.0940845
85.9 -2.0107 0.20423
86 -1.98729 0.263883
86.1 -1.95917 0.298479
86.2 -1.92821 0.320813
86.3 -1.89531 0.337278
86.4 -1.86089 0.351114
86.5 -1.82513 0.36402
86.6 -1.78808 0.37694
86.7 -1.74971 0.390453
86.8 -1.70994 0.404964
86.9 -1.66865 0.420817
87 -1.62569 0.438345
87.1 -1.58088 0.457914
87.2 -1.53399 0.479955
87.3 -1.48474 0.504997
87.4 -1.4328 0.533707
87.5 -1.37777 0.566941
87.6 -1.31913 0.605816
87.7 -1.25625 0.651814
87.8 -1.18832 0.706924
87.9 -1.11428 0.773857
88 -1.03277 0.856357
88.1 -0.941965 0.959653
88.2 -0.839427 1.0911
88.3 -0.72182 1.26105
88.4 -0.584581 1.48373
88.5 -0.421512 1.77765
88.6 -0.224485 2.16289
88.7 0.0161243 2.6493
88.8 0.308731 3.20283
88.9 0.653081 3.68417
89 1.0283 3.82016
89.1 1.38776 3.36912
89.2 1.67786 2.43286
89.3 1.87082 1.42636
89.4 1.97557 0.668658
89.5 2.01936 0.207078
89.6 2.02745 -0.0453144
89.7 2.01626 -0.178415
89.8 1.99486 -0.24961
89.9 1.96788 -0.289897
90 1.93764 -0.314999
90.1 1.90525 -0.332768
90.2 1.87125 -0.347158
90.3 1.83589 -0.360218
90.4 1.79922 -0.373062
90.5 1.76125 -0.386351
90.6 1.72191 -0.400528
90.7 1.68108 -0.415949
90.8 1.63864 -0.432943
90.9 1.5944 -0.451863
91 1.54815 -0.47312
91.1 1.49963 -0.497208
91.2 1.44853 -0.524749
91.3 1.39447 -0.556536
91.4 1.33696 -0.593599
91.5 1.27542 -0.6373
91.6 1.20908 -0.689458
91.7 1.13698 -0.752541
91.8 1.05786 -0.829949
91.9 0.970039 -0.92641
92 0.87129 -1.04857
92.1 0.758572 -1.20578
92.2 0.62773 -1.41106
92.3 0.473094 -1.68167
92.4 0.287115 -2.0379
92.5 0.0604762 -2.49487
92.6 -0.216113 -3.03691
92.7 -0.546105 -3.56293
92.8 -0.915963 -3.83423
92.9 -1.28603 -3.56708
93 -1.60133 -2.739
93.1 -1.82369 -1.70823
93.2 -1.95214 -0.860705
93.3 -2.01106 -0.317666
93.4 -2.02763 -0.0137349
93.5 -2.02095 0.147314
93.6 -2.00195 0.232707
93.7 -1.97631 0.280024
93.8 -1.94688 0.308562
93.9 -1.91506 0.327972
94 -1.8815 0.343091
94.1 -1.84653 0.3564
94.2 -1.81025 0.369224
94.3 -1.77267 0.382328
94.4 -1.73374 0.396202
94.5 -1.69337 0.411219
94.6 -1.65143 0.42771
94.7 -1.60774 0.446019
94.8 -1.56211 0.466534
94.9 -1.5143 0.489723
95 -1.464 0.516164
95.1 -1.41087 0.546594
95.2 -1.35444 0.581965
95.3 -1.29416 0.623528
95.4 -1.22934 0.67295
95.5 -1.15907 0.732481
95.6 -1.08218 0.805209
95.7 -0.997153 0.895416
95.8 -0.901927 1.00911
95.9 -0.793735 1.15473
96 -0.668792 1.34412
96.1 -0.521923 1.59328
96.2 -0.34616 1.92198
96.3 -0.132636 2.3485
96.4 0.12832 2.87062
96.5 0.442841 3.4198
96.6 0.803776 3.79889
96.7 1.17934 3.71236
96.8 1.51632 3.0272
96.9 1.7681 2.0085
97 1.92257 1.08089
97.1 1.99909 0.449447
97.2 2.02582 0.0851512
97.3 2.02459 -0.109742
97.4 2.00847 -0.212564
97.5 1.98442 -0.268556
97.6 1.95592 -0.301351
97.7 1.92471 -0.322812
97.8 1.89163 -0.338871
97.9 1.85706 -0.352542
98 1.82116 -0.365413
98.1 1.78397 -0.378374
98.2 1.74545 -0.391977
98.3 1.70552 -0.406619
98.4 1.66406 -0.422637
98.5 1.62091 -0.440368
98.6 1.57588 -0.460184
98.7 1.52875 -0.482524
98.8 1.47922 -0.50793
98.9 1.42697 -0.537086
99 1.37158 -0.570875
99.1 1.31251 -0.610446
99.2 1.24912 -0.657328
99.3 1.18058 -0.713578
99.4 1.1058 -0.782001
99.5 1.02337 -0.866479
99.6 0.931427 -0.972437
99.7 0.827429 -1.10751
99.8 0.707932 -1.28243
99.9 0.568216 -1.5119
100 0.40188 -1.81481
