0.1 0.497304 -0.053924
0.2 0.488801 -0.116126
0.3 0.473613 -0.18764
0.4 0.450735 -0.269921
0.5 0.418989 -0.365008
0.6 0.376953 -0.47571
0.7 0.322878 -0.605775
0.8 0.25459 -0.759983
0.9 0.169394 -0.94394
1 0.0640406 -1.16313
1.1 -0.0651334 -1.42035
1.2 -0.221653 -1.71004
1.3 -0.407589 -2.00868
1.4 -0.621211 -2.26376
1.5 -0.854088 -2.39377
1.6 -1.08967 -2.31791
1.7 -1.30619 -2.01256
1.8 -1.48408 -1.54513
1.9 -1.61324 -1.0381
2 -1.69489 -0.594927
2.1 -1.73761 -0.259492
2.2 -1.75194 -0.0270234
2.3 -1.74692 0.127377
2.4 -1.72908 0.229399
2.5 -1.70268 0.298629
2.6 -1.67034 0.348232
2.7 -1.6336 0.386587
2.8 -1.59332 0.418961
2.9 -1.54994 0.448734
3 -1.50359 0.478194
3.1 -1.45423 0.509048
3.2 -1.40164 0.542741
3.3 -1.34547 0.580692
3.4 -1.28521 0.624473
3.5 -1.22018 0.675996
3.6 -1.1495 0.737727
3.7 -1.07196 0.812972
3.8 -0.986001 0.906268
3.9 -0.889491 1.02394
4 -0.77955 1.17487
4.1 -0.65224 1.37134
4.2 -0.502186 1.62973
4.3 -0.322235 1.96931
4.4 -0.103519 2.405
4.5 0.162963 2.92465
4.6 0.481274 3.44157
4.7 0.840841 3.74977
4.8 1.20794 3.59227
4.9 1.53252 2.89931
5 1.77393 1.92888
5.1 1.92275 1.04745
5.2 1.99702 0.438071
5.3 2.02298 0.081093
5.4 2.02145 -0.111725
5.5 2.00517 -0.213948
5.6 1.98098 -0.269746
5.7 1.95237 -0.302482
5.8 1.92105 -0.323947
5.9 1.88785 -0.340049
6 1.85316 -0.353792
6.1 1.81713 -0.36676
6.2 1.7798 -0.379842
6.3 1.74113 -0.393591
6.4 1.70103 -0.408408
6.5 1.65938 -0.424635
6.6 1.61601 -0.442616
6.7 1.57075 -0.462732
6.8 1.52334 -0.485438
6.9 1.4735 -0.511292
7 1.42089 -0.541005
7.1 1.36506 -0.575491
7.2 1.30549 -0.615949
7.3 1.24149 -0.663976
7.4 1.17221 -0.721722
7.5 1.09652 -0.792132
7.6 1.01294 -0.879285
7.7 0.919536 -0.988892
7.8 0.813642 -1.12898
7.9 0.691654 -1.31078
8 0.548641 -1.54947
8.1 0.377974 -1.86387
8.2 0.171202 -2.27159
8.3 -0.0809765 -2.77198
8.4 -0.384859 -3.30567
8.5 -0.735209 -3.70134
8.6 -1.10515 -3.69753
8.7 -1.44723 -3.14397
8.8 -1.71504 -2.21227
8.9 -1.8894 -1.27493
9 -1.98229 -0.58294
9.1 -2.01955 -0.162155
9.2 -2.02422 0.0686804
9.3 -2.01124 0.191014
9.4 -1.98884 0.25692
9.5 -1.96126 0.294626
9.6 -1.93061 0.318492
9.7 -1.8979 0.335706
9.8 -1.86362 0.349898
9.9 -1.82797 0.362959
10 -1.79103 0.375926
10.1 -1.75276 0.389424
10.2 -1.7131 0.403882
10.3 -1.67192 0.419653
10.4 -1.62908 0.437073
10.5 -1.58441 0.456511
10.6 -1.53766 0.478393
10.7 -1.48858 0.503246
10.8 -1.43683 0.531727
10.9 -1.38201 0.564684
11 -1.32361 0.603222
11.1 -1.26101 0.648805
11.2 -1.1934 0.703397
11.3 -1.11975 0.769679
11.4 -1.0387 0.851347
11.5 -0.948452 0.953566
11.6 -0.846594 1.08359
11.7 -0.729834 1.2516
11.8 -0.593676 1.47156
11.9 -0.432028 1.7614
12 -0.236953 2.14011
12.1 0.000824901 2.61545
12.2 0.289161 3.15128
12.3 0.627392 3.61333
12.4 0.995781 3.75444
12.5 1.35161 3.36222
12.6 1.64506 2.50669
12.7 1.84711 1.53433
12.8 1.96172 0.757945
12.9 2.01277 0.263063
13 2.0252 -0.0145809
13.1 2.01635 -0.162361
13.2 1.99617 -0.241217
13.3 1.96984 -0.285336
13.4 1.93996 -0.312331
13.5 1.90779 -0.331027
13.6 1.87395 -0.345864
13.7 1.8387 -0.359125
13.8 1.80214 -0.372042
13.9 1.76427 -0.385331
14 1.72503 -0.399465
14.1 1.68432 -0.414811
14.2 1.64199 -0.431705
14.3 1.59788 -0.450502
14.4 1.55178 -0.471609
14.5 1.50342 -0.495517
14.6 1.4525 -0.522841
14.7 1.39864 -0.554367
14.8 1.34137 -0.591113
14.9 1.28009 -0.634424
15 1.21407 -0.686097
15.1 1.14233 -0.748573
15.2 1.06364 -0.825208
15.3 0.976349 -0.920673
15.4 0.878239 -1.04153
15.5 0.766314 -1.19698
15.6 0.636475 -1.3998
15.7 0.483143 -1.66683
15.8 0.298931 -2.01742
15.9 0.0748129 -2.46494
16 -0.197999 -2.9913
16.1 -0.52241 -3.49694
16.2 -0.885363 -3.76212
16.3 -1.25034 -3.53737
16.4 -1.56676 -2.79119
16.5 -1.79697 -1.81285
16.6 -1.93555 -0.958804
16.7 -2.00265 -0.383205
16.8 -2.02435 -0.0507611
16.9 -2.0205 0.12781
17 -2.00298 0.222556
17.1 -1.97812 0.274591
17.2 -1.94912 0.305465
17.3 -1.91754 0.326021
17.4 -1.88416 0.341697
17.5 -1.84931 0.355264
17.6 -1.81314 0.368192
17.7 -1.77566 0.381313
17.8 -1.73684 0.395155
17.9 -1.69657 0.410106
18 -1.65474 0.426505
18.1 -1.61118 0.444697
18.2 -1.5657 0.465071
18.3 -1.51804 0.488089
18.4 -1.46792 0.514325
18.5 -1.41498 0.544508
18.6 -1.35877 0.57958
18.7 -1.29875 0.620776
18.8 -1.23423 0.669744
18.9 -1.1643 0.728709
19 -1.08783 0.800719
19.1 -1.0033 0.890004
19.2 -0.908672 1.00249
19.3 -0.801222 1.14651
19.4 -0.677213 1.33368
19.5 -0.531546 1.57966
19.6 -0.357389 1.90347
19.7 -0.146119 2.32192
19.8 0.111497 2.83041
19.9 0.421004 3.35973
20 0.775238 3.72497
20.1 1.14468 3.66391
20.2 1.48062 3.05476
20.3 1.73856 2.10405
20.4 1.90304 1.1856
20.5 1.98857 0.525076
20.6 2.0213 0.129495
20.7 2.02347 -0.0860679
20.8 2.00916 -0.200255
20.9 1.98604 -0.262047
21 1.95805 -0.297722
21.1 1.92714 -0.320602
21.2 1.89424 -0.337352
21.3 1.8598 -0.351351
21.4 1.82402 -0.364361
21.5 1.78693 -0.37736
21.6 1.74852 -0.390944
21.7 1.70869 -0.405529
21.8 1.66734 -0.421462
21.9 1.62432 -0.439084
22 1.57942 -0.458765
22.1 1.53244 -0.480944
22.2 1.48308 -0.506156
22.3 1.43102 -0.535079
22.4 1.37584 -0.568585
22.5 1.31702 -0.607811
22.6 1.25391 -0.654268
22.7 1.1857 -0.709987
22.8 1.11131 -0.777742
22.9 1.02936 -0.861365
23 0.937981 -0.966213
23.1 0.834679 -1.09982
23.2 0.716052 -1.27273
23.3 0.577447 -1.49936
23.4 0.412579 -1.798
23.5 0.213316 -2.18726
23.6 -0.0296568 -2.6722
23.7 -0.323705 -3.20877
23.8 -0.666608 -3.64928
23.9 -1.03604 -3.73947
24 -1.38736 -3.28689
24.1 -1.67168 -2.3994
24.2 -1.86349 -1.43681
24.3 -1.96987 -0.690876
24.4 -2.01562 -0.223998
24.5 -2.02504 0.0355996
24.6 -2.01458 0.173482
24.7 -1.99354 0.247281
24.8 -1.96673 0.288893
24.9 -1.93656 0.314662
25 -1.90418 0.332775
25.1 -1.87018 0.347355
25.2 -1.83478 0.360531
25.3 -1.79808 0.37346
25.4 -1.76007 0.386821
25.5 -1.72068 0.40107
25.6 -1.67979 0.416568
25.7 -1.63728 0.433652
25.8 -1.59297 0.452679
25.9 -1.54663 0.474065
26 -1.49801 0.498313
26.1 -1.44679 0.526052
26.2 -1.39258 0.558092
26.3 -1.33491 0.59548
26.4 -1.27315 0.639604
26.5 -1.20656 0.692321
26.6 -1.13413 0.756156
26.7 -1.05459 0.834585
26.8 -0.966243 0.932455
26.9 -0.866791 1.05657
27 -0.753138 1.21649
27.1 -0.621044 1.42541
27.2 -0.464744 1.70059
27.3 -0.276647 2.06135
27.4 -0.0476162 2.51927
27.5 0.230859 3.05023
27.6 0.56049 3.54239
27.7 0.925849 3.76479
27.8 1.28802 3.47862
27.9 1.59639 2.68881
28 1.81628 1.70896
28.1 1.94584 0.882183
28.2 2.00678 0.336797
28.3 2.02489 0.0253875
28.4 2.0191 -0.14123
28.5 2.00055 -0.229776
28.6 1.97513 -0.278717
28.7 1.94579 -0.308072
28.8 1.91399 -0.327898
28.9 1.88043 -0.343241
29 1.84544 -0.356683
29.1 1.80912 -0.369599
29.2 1.7715 -0.382777
29.3 1.73253 -0.396722
29.4 1.6921 -0.411814
29.5 1.65009 -0.428391
29.6 1.60633 -0.446801
29.7 1.56062 -0.467438
29.8 1.51271 -0.490776
29.9 1.4623 -0.517404
30 1.40903 -0.548069
30.1 1.35244 -0.583741
30.2 1.29196 -0.625694
30.3 1.2269 -0.67563
30.4 1.15632 -0.735848
30.5 1.07906 -0.809508
30.6 0.993531 -0.900994
30.7 0.897658 -1.01646
30.8 0.788608 -1.16454
30.9 0.662517 -1.35728
31 0.514115 -1.61077
31.1 0.336365 -1.94422
31.2 0.120485 -2.37338
31.3 -0.142644 -2.8892
31.4 -0.457701 -3.41195
31.5 -0.815469 -3.74341
31.6 -1.18381 -3.62341
31.7 -1.51305 -2.96132
31.8 -1.76093 -1.99639
31.9 -1.91573 -1.09956
32 -1.99423 -0.47043
32.1 -2.0227 -0.0989505
32.2 -2.02253 0.102287
32.3 -2.00697 0.208896
32.4 -1.98318 0.266876
32.5 -1.95481 0.300673
32.6 -1.92364 0.322641
32.7 -1.89056 0.338968
32.8 -1.85597 0.352792
32.9 -1.82004 0.365763
33 -1.78282 0.378802
33.1 -1.74425 0.392476
33.2 -1.70427 0.407191
33.3 -1.66274 0.423292
33.4 -1.61952 0.441119
33.5 -1.57442 0.461049
33.6 -1.52719 0.483529
33.7 -1.47755 0.50911
33.8 -1.42518 0.538485
33.9 -1.36962 0.572553
34 -1.31037 0.612485
34.1 -1.24676 0.65984
34.2 -1.17793 0.716719
34.3 -1.10279 0.785992
34.4 -1.01991 0.871632
34.5 -0.927369 0.979198
34.6 -0.822584 1.11651
34.7 -0.702034 1.29449
34.8 -0.560909 1.52801
34.9 -0.392724 1.83568
35 -0.18916 2.23559
35.1 0.0591022 2.72966
35.2 0.358848 3.26526
35.3 0.706163 3.68103
35.4 1.0761 3.71772
35.5 1.42229 3.20611
35.6 1.69716 2.29133
35.7 1.87884 1.34211
35.8 1.9773 0.62724
35.9 2.01803 0.187389
36 2.02464 -0.0552092
36.1 2.01269 -0.183869
36.2 1.99085 -0.252979
36.3 1.96358 -0.292269
36.4 1.93313 -0.316906
36.5 1.90056 -0.334483
36.6 1.86639 -0.34883
36.7 1.83085 -0.361935
36.8 1.79401 -0.374884
36.9 1.75585 -0.388322
37 1.7163 -0.40269
37.1 1.67525 -0.418345
37.2 1.63255 -0.435622
37.3 1.58803 -0.454884
37.4 1.54145 -0.476555
37.5 1.49257 -0.501149
37.6 1.44105 -0.529314
37.7 1.38649 -0.56188
37.8 1.3284 -0.599927
37.9 1.26615 -0.644886
38 1.19898 -0.698676
38.1 1.12585 -0.76391
38.2 1.04544 -0.844191
38.3 0.956005 -0.944544
38.4 0.855176 -1.07203
38.5 0.739746 -1.23657
38.6 0.605328 -1.4518
38.7 0.445969 -1.73537
38.8 0.253879 -2.10645
38.9 0.0198281 -2.57456
39 -0.264342 -3.10885
39.1 -0.599019 -3.58468
39.2 -0.966312 -3.76117
39.3 -1.32505 -3.41354
39.4 -1.62493 -2.58416
39.5 -1.8345 -1.60713
39.6 -1.95531 -0.809074
39.7 -2.01042 -0.293187
39.8 -2.02516 -0.00169941
39.9 -2.01756 0.153753
40 -1.99805 0.236544
40.1 -1.97209 0.28262
40.2 -1.94243 0.310571
40.3 -1.91041 0.329724
40.4 -1.87669 0.344765
40.5 -1.84155 0.358097
40.6 -1.80509 0.37101
40.7 -1.76733 0.38425
40.8 -1.7282 0.398303
40.9 -1.68761 0.41354
41 -1.64542 0.430299
41.1 -1.60146 0.448931
41.2 -1.55552 0.469838
41.3 -1.50735 0.493503
41.4 -1.45665 0.52053
41.5 -1.40304 0.551688
41.6 -1.34605 0.587975
41.7 -1.28512 0.630706
41.8 -1.2195 0.681636
41.9 -1.14826 0.743146
42 -1.07018 0.818507
42.1 -0.983642 0.912266
42.2 -0.886489 1.03081
42.3 -0.775793 1.1831
42.4 -0.647559 1.38159
42.5 -0.496338 1.64283
42.6 -0.314891 1.98612
42.7 -0.0942883 2.42593
42.8 0.174419 2.94821
42.9 0.494929 3.46199
43 0.855846 3.75634
43.1 1.22247 3.57611
43.2 1.54448 2.86414
43.3 1.78218 1.88976
43.4 1.92751 1.01692
43.5 1.9993 0.4189
43.6 2.02377 0.0704003
43.7 2.02142 -0.117416
43.8 2.0047 -0.216983
43.9 1.98027 -0.27143
44 1.95153 -0.303489
44.1 1.92012 -0.324617
44.2 1.88686 -0.340555
44.3 1.85213 -0.354224
44.4 1.81606 -0.367167
44.5 1.77869 -0.380251
44.6 1.73997 -0.39402
44.7 1.69983 -0.40887
44.8 1.65813 -0.425142
44.9 1.61471 -0.443178
45 1.56938 -0.463363
45.1 1.52191 -0.486152
45.2 1.47199 -0.512108
45.3 1.41929 -0.541947
45.4 1.36337 -0.57659
45.5 1.30367 -0.617246
45.6 1.23953 -0.665524
45.7 1.17008 -0.723596
45.8 1.09418 -0.794434
45.9 1.01035 -0.882157
46 0.916613 -0.992533
46.1 0.810303 -1.13367
46.2 0.687774 -1.3169
46.3 0.544051 -1.55754
46.4 0.372451 -1.87447
46.5 0.164473 -2.28508
46.6 -0.0891674 -2.78773
46.7 -0.394577 -3.32045
46.8 -0.74601 -3.70822
46.9 -1.11588 -3.68912
47 -1.45635 -3.12029
47.1 -1.72151 -2.18298
47.2 -1.89318 -1.25046
47.3 -1.98405 -0.566971
47.4 -2.02006 -0.153109
47.5 -2.02404 0.0735019
47.6 -2.01069 0.193575
47.7 -1.98809 0.258337
47.8 -1.9604 0.295478
47.9 -1.92967 0.31907
48 -1.89691 0.336154
48.1 -1.86259 0.350292
48.2 -1.82691 0.363338
48.3 -1.78992 0.376313
48.4 -1.75162 0.389833
48.5 -1.71191 0.404326
48.6 -1.67069 0.42014
48.7 -1.6278 0.437615
48.8 -1.58306 0.457118
48.9 -1.53625 0.479079
49 -1.4871 0.504028
49.1 -1.43526 0.532628
49.2 -1.38034 0.565732
49.3 -1.32184 0.604455
49.4 -1.2591 0.650271
49.5 -1.19133 0.705165
49.6 -1.11748 0.771841
49.7 -1.03618 0.854032
49.8 -0.945634 0.956953
49.9 -0.84339 1.08793
50 -0.72613 1.25725
50.1 -0.589318 1.47899
50.2 -0.426809 1.77119
50.3 -0.230612 2.15274
50.4 0.00856054 2.63072
50.5 0.298442 3.16691
50.6 0.637959 3.62344
50.7 1.00668 3.75105
50.8 1.36136 3.34241
50.9 1.65237 2.47779
51 1.85164 1.50769
51.1 1.964 0.739469
51.2 2.01359 0.252251
51.3 2.02518 -0.0204085
51.4 2.01589 -0.165444
51.5 1.99547 -0.242894
51.6 1.96901 -0.286317
51.7 1.93904 -0.31297
51.8 1.90682 -0.331504
51.9 1.87293 -0.346269
52 1.83764 -0.359506
52.1 1.80105 -0.372425
52.2 1.76314 -0.385733
52.3 1.72386 -0.399898
52.4 1.6831 -0.415284
52.5 1.64072 -0.432229
52.6 1.59656 -0.451088
52.7 1.55039 -0.47227
52.8 1.50196 -0.496269
52.9 1.45096 -0.523705
53 1.39701 -0.555368
53.1 1.33963 -0.592286
53.2 1.27822 -0.635815
53.3 1.21204 -0.687767
53.4 1.14012 -0.750607
53.5 1.06121 -0.827722
53.6 0.973629 -0.923829
53.7 0.87516 -1.04555
53.8 0.762772 -1.2022
53.9 0.63233 -1.40665
54 0.478205 -1.67586
54.1 0.292953 -2.02918
54.2 0.0675171 -2.47953
54.3 -0.206822 -3.00725
54.4 -0.53266 -3.50952
54.5 -0.896308 -3.76345
54.6 -1.26059 -3.52212
54.7 -1.57488 -2.76376
54.8 -1.8023 -1.78457
54.9 -1.93841 -0.93774
55 -2.00382 -0.370374
55.1 -2.02452 -0.043728
55.2 -2.02013 0.131531
55.3 -2.00233 0.224555
55.4 -1.97732 0.27573
55.5 -1.94822 0.306181
55.6 -1.91658 0.326534
55.7 -1.88315 0.342117
55.8 -1.84826 0.355648
55.9 -1.81205 0.368572
56 -1.77454 0.381708
56.1 -1.73567 0.395578
56.2 -1.69537 0.410566
56.3 -1.65349 0.427013
56.4 -1.60987 0.445264
56.5 -1.56433 0.465708
56.6 -1.5166 0.488812
56.7 -1.4664 0.515153
56.8 -1.41337 0.545465
56.9 -1.35706 0.580698
57 -1.29692 0.622097
57.1 -1.23225 0.671324
57.2 -1.16215 0.730624
57.3 -1.08547 0.803075
57.4 -1.00067 0.892948
57.5 -0.905709 1.00623
57.6 -0.797831 1.15133
57.7 -0.673265 1.33999
57.8 -0.526866 1.58798
57.9 -0.351748 1.91438
58 -0.139243 2.33572
58.1 0.119857 2.84628
58.2 0.430873 3.37404
58.3 0.786099 3.73048
58.4 1.1553 3.65364
58.5 1.48948 3.02989
58.6 1.74472 2.07486
58.7 1.90656 1.162
58.8 1.99016 0.509987
58.9 2.02171 0.121033
59 2.02324 -0.0905651
59.1 2.00857 -0.202648
59.2 1.98527 -0.263381
59.3 1.95718 -0.298534
59.4 1.92619 -0.32116
59.5 1.89325 -0.337792
59.6 1.85877 -0.351741
59.7 1.82294 -0.36474
59.8 1.78582 -0.377749
59.9 1.74736 -0.391357
60 1.7075 -0.405976
60.1 1.6661 -0.421955
60.2 1.62302 -0.439632
60.3 1.57807 -0.45938
60.4 1.53102 -0.481639
60.5 1.48159 -0.50695
60.6 1.42944 -0.535995
60.7 1.37416 -0.569651
60.8 1.31523 -0.609066
60.9 1.25198 -0.655764
61 1.18361 -0.711793
61.1 1.10902 -0.779954
61.2 1.02682 -0.864116
61.3 0.935125 -0.969691
61.4 0.831427 -1.10428
61.5 0.712285 -1.27855
61.6 0.573006 -1.50702
61.7 0.407251 -1.80808
61.8 0.206837 -2.20021
61.9 -0.0375576 -2.68767
62 -0.333149 -3.22416
62.1 -0.677271 -3.65829
62.2 -1.0469 -3.73426
62.3 -1.39689 -3.26557
62.4 -1.67868 -2.37023
62.5 -1.86774 -1.41091
62.6 -1.97195 -0.673334
62.7 -2.01631 -0.213863
62.8 -2.02495 0.0410369
62.9 -2.01408 0.17636
63 -1.99282 0.248857
63.1 -1.96589 0.289823
63.2 -1.93563 0.315277
63.3 -1.90321 0.33324
63.4 -1.86916 0.347755
63.5 -1.83372 0.360911
63.6 -1.79698 0.373844
63.7 -1.75893 0.387226
63.8 -1.71949 0.401507
63.9 -1.67857 0.417047
64 -1.63601 0.434182
64.1 -1.59163 0.453273
64.2 -1.54523 0.474735
64.3 -1.49654 0.499075
64.4 -1.44524 0.526929
64.5 -1.39094 0.55911
64.6 -1.33315 0.596675
64.7 -1.27127 0.641022
64.8 -1.20451 0.694026
64.9 -1.1319 0.758235
65 -1.05213 0.83716
65.1 -0.963488 0.935693
65.2 -0.863668 1.06071
65.3 -0.749539 1.22186
65.4 -0.616823 1.43247
65.5 -0.459705 1.70989
65.6 -0.270539 2.07342
65.7 -0.0401614 2.53413
65.8 0.239851 3.06612
65.9 0.570865 3.55415
66 0.936795 3.76444
66.1 1.2981 3.46164
66.2 1.60422 2.66071
66.3 1.82131 1.68121
66.4 1.94848 0.862069
66.5 2.00782 0.324734
66.6 2.02499 0.0188208
66.7 2.0187 -0.144702
66.8 1.99988 -0.231649
66.9 1.97431 -0.279794
67 1.94488 -0.308758
67.1 1.91302 -0.328397
67.2 1.87942 -0.343655
67.3 1.84439 -0.357066
67.4 1.80803 -0.36998
67.5 1.77038 -0.383174
67.6 1.73136 -0.397148
67.7 1.69089 -0.412279
67.8 1.64883 -0.428905
67.9 1.60502 -0.447374
68 1.55924 -0.468084
68.1 1.51126 -0.49151
68.2 1.46077 -0.518244
68.3 1.40741 -0.549041
68.4 1.35071 -0.584878
68.5 1.29012 -0.62704
68.6 1.2249 -0.677242
68.7 1.15415 -0.737806
68.8 1.07667 -0.81192
68.9 0.990869 -0.904014
69 0.894653 -1.0203
69.1 0.785163 -1.16951
69.2 0.658499 -1.36378
69.3 0.509343 -1.61934
69.4 0.330604 -1.95543
69.5 0.113458 -2.38748
69.6 -0.151173 -2.90515
69.7 -0.467716 -3.42571
69.8 -0.826375 -3.74747
69.9 -1.19431 -3.61129
70 -1.52165 -2.93539
70.1 -1.76679 -1.96744
70.2 -1.919 -1.07687
70.3 -1.99566 -0.456194
70.4 -2.02302 -0.091039
70.5 -2.02225 0.106482
70.6 -2.00637 0.211136
70.7 -1.9824 0.268134
70.8 -1.95392 0.301447
70.9 -1.92269 0.323182
71 -1.88956 0.3394
71.1 -1.85493 0.35318
71.2 -1.81897 0.366143
71.3 -1.7817 0.379193
71.4 -1.7431 0.392892
71.5 -1.70307 0.407644
71.6 -1.6615 0.42379
71.7 -1.61822 0.441673
71.8 -1.57306 0.461672
71.9 -1.52576 0.484235
72 -1.47605 0.509916
72.1 -1.42359 0.539416
72.2 -1.36794 0.573637
72.3 -1.30857 0.613763
72.4 -1.24481 0.661366
72.5 -1.17581 0.718564
72.6 -1.10047 0.788255
72.7 -1.01734 0.874452
72.8 -0.924475 0.982769
72.9 -0.819282 1.1211
73 -0.698202 1.30049
73.1 -0.556382 1.53591
73.2 -0.387284 1.84606
73.3 -0.182538 2.24886
73.4 0.0671701 2.74531
73.5 0.368452 3.28032
73.6 0.71691 3.68885
73.7 1.08689 3.71067
73.8 1.43159 3.18338
73.9 1.70386 2.26204
74 1.88281 1.31703
74.1 1.97919 0.610615
74.2 2.01862 0.177895
74.3 2.0245 -0.0602815
74.4 2.01216 -0.186558
74.5 1.99011 -0.25446
74.6 1.96273 -0.293152
74.7 1.93219 -0.317499
74.8 1.89957 -0.334938
74.9 1.86536 -0.349227
75 1.82979 -0.362315
75.1 1.79291 -0.375269
75.2 1.75471 -0.388729
75.3 1.71512 -0.403131
75.4 1.67402 -0.418828
75.5 1.63127 -0.436158
75.6 1.58669 -0.455485
75.7 1.54005 -0.477234
75.8 1.49109 -0.501923
75.9 1.43949 -0.530205
76 1.38483 -0.562915
76.1 1.32663 -0.601143
76.2 1.26425 -0.646332
76.3 1.19692 -0.700417
76.4 1.12359 -0.766037
76.5 1.04295 -0.846828
76.6 0.953215 -0.947868
76.7 0.852007 -1.07629
76.8 0.736087 -1.2421
76.9 0.601028 -1.45907
77 0.440827 -1.74495
77.1 0.247637 -2.11885
77.2 0.0122117 -2.58966
77.3 -0.273502 -3.12461
77.4 -0.609509 -3.59553
77.5 -0.97724 -3.75909
77.6 -1.33494 -3.39489
77.7 -1.63246 -2.55554
77.8 -1.83924 -1.58
77.9 -1.95773 -0.789909
78 -2.01132 -0.28186
78.1 -2.02519 0.00442989
78.2 -2.01712 0.156994
78.3 -1.99736 0.238301
78.4 -1.97126 0.283639
78.5 -1.94152 0.311229
78.6 -1.90944 0.33021
78.7 -1.87568 0.345173
78.8 -1.84049 0.358478
78.9 -1.804 0.371392
79 -1.7662 0.38465
79.1 -1.72703 0.398733
79.2 -1.68639 0.41401
79.3 -1.64415 0.430819
79.4 -1.60013 0.449512
79.5 -1.55413 0.470492
79.6 -1.5059 0.494247
79.7 -1.45511 0.521383
79.8 -1.40141 0.552677
79.9 -1.34432 0.589133
80 -1.28326 0.632078
80.1 -1.21749 0.683282
80.2 -1.14607 0.745147
80.3 -1.06776 0.820977
80.4 -0.980947 0.915363
80.5 -0.883441 1.03475
80.6 -0.772293 1.18821
80.7 -0.643468 1.3883
80.8 -0.49147 1.65166
80.9 -0.309005 1.99765
81 -0.0871068 2.44032
81.1 0.183118 2.96418
81.2 0.505083 3.47511
81.3 0.866781 3.75885
81.4 1.23283 3.56216
81.5 1.5528 2.83729
81.6 1.78773 1.86116
81.7 1.93054 0.995164
81.8 2.00058 0.405487
81.9 2.024 0.063008
82 2.02108 -0.12133
82.1 2.00406 -0.219079
82.2 1.97948 -0.272617
82.3 1.95064 -0.304228
82.4 1.91917 -0.325141
82.5 1.88586 -0.34098
82.6 1.85108 -0.35461
82.7 1.81498 -0.367546
82.8 1.77757 -0.380644
82.9 1.73881 -0.39444
83 1.69862 -0.409327
83.1 1.65687 -0.425646
83.2 1.61341 -0.44374
83.3 1.56802 -0.463994
83.4 1.52048 -0.486867
83.5 1.47049 -0.512927
83.6 1.41769 -0.542893
83.7 1.36167 -0.577694
83.8 1.30185 -0.618549
83.9 1.23757 -0.667081
84 1.16794 -0.725481
84.1 1.09183 -0.796751
84.2 1.00774 -0.885048
84.3 0.91368 -0.9962
84.4 0.80695 -1.1384
84.5 0.683876 -1.32308
84.6 0.539438 -1.56568
84.7 0.366896 -1.88515
84.8 0.157706 -2.29866
84.9 -0.0974037 -2.80352
85 -0.404335 -3.33511
85.1 -0.756828 -3.71474
85.2 -1.12658 -3.68021
85.3 -1.4654 -3.09628
85.4 -1.7279 -2.1537
85.5 -1.89689 -1.22622
85.6 -1.98577 -0.551243
85.7 -2.02054 -0.144223
85.8 -2.02384 0.0782333
85.9 -2.01012 0.196088
86 -1.98733 0.259731
86.1 -1.95953 0.296319
86.2 -1.92873 0.319642
86.3 -1.89592 0.3366
86.4 -1.86156 0.350685
86.5 -1.82584 0.363717
86.6 -1.78882 0.376701
86.7 -1.75047 0.390244
86.8 -1.71072 0.40477
86.9 -1.66945 0.420629
87 -1.62651 0.438158
87.1 -1.58171 0.457726
87.2 -1.53484 0.479768
87.3 -1.48561 0.504814
87.4 -1.43369 0.533533
87.5 -1.37868 0.566785
87.6 -1.32005 0.605693
87.7 -1.25718 0.651746
87.8 -1.18925 0.706944
87.9 -1.1152 0.774016
88 -1.03366 0.856734
88.1 -0.942806 0.960364
88.2 -0.840173 1.09231
88.3 -0.72241 1.26295
88.4 -0.584938 1.48649
88.5 -0.42156 1.78106
88.6 -0.224235 2.16546
88.7 0.0163407 2.64605
88.8 0.307767 3.18248
88.9 0.648554 3.63327
89 1.01758 3.74718
89.1 1.37104 3.32218
89.2 1.65959 2.4488
89.3 1.8561 1.48125
89.4 1.96622 0.721246
89.5 2.01436 0.241625
89.6 2.02514 -0.026128
89.7 2.01541 -0.168469
89.8 1.99476 -0.244544
89.9 1.96817 -0.287283
90 1.93812 -0.313602
90.1 1.90584 -0.331977
90.2 1.87191 -0.346672
90.3 1.83658 -0.359886
90.4 1.79995 -0.372808
90.5 1.762 -0.386135
90.6 1.72268 -0.400331
90.7 1.68187 -0.415759
90.8 1.63945 -0.432755
90.9 1.59523 -0.451676
91 1.549 -0.472933
91.1 1.5005 -0.497024
91.2 1.44942 -0.524572
91.3 1.39537 -0.556373
91.4 1.33788 -0.593465
91.5 1.27635 -0.637213
91.6 1.21001 -0.689447
91.7 1.13791 -0.752653
91.8 1.05876 -0.830251
91.9 0.9709 -0.927007
92 0.872069 -1.04961
92.1 0.759215 -1.20746
92.2 0.628165 -1.41355
92.3 0.473239 -1.68496
92.4 0.28694 -2.04103
92.5 0.0601785 -2.4942
92.6 -0.215691 -3.02319
92.7 -0.542945 -3.52188
92.8 -0.907256 -3.76433
92.9 -1.27079 -3.5064
93 -1.58292 -2.73614
93.1 -1.80755 -1.75643
93.2 -1.94122 -0.916933
93.3 -2.00495 -0.357754
93.4 -2.02468 -0.0368239
93.5 -2.01976 0.135182
93.6 -2.00168 0.226518
93.7 -1.97651 0.276851
93.8 -1.94732 0.306888
93.9 -1.91562 0.327043
94 -1.88214 0.342535
94.1 -1.84722 0.356032
94.2 -1.81097 0.368952
94.3 -1.77341 0.382104
94.4 -1.73451 0.396001
94.5 -1.69416 0.411028
94.6 -1.65223 0.427522
94.7 -1.60856 0.445832
94.8 -1.56295 0.466347
94.9 -1.51516 0.489537
95 -1.46488 0.515984
95.1 -1.41176 0.546426
95.2 -1.35535 0.581821
95.3 -1.29509 0.623424
95.4 -1.23027 0.672912
95.5 -1.16 0.73255
95.6 -1.0831 0.805446
95.7 -0.998031 0.895913
95.8 -0.902735 1.01
95.9 -0.794426 1.1562
96 -0.669298 1.34636
96.1 -0.522162 1.59637
96.2 -0.346075 1.92537
96.3 -0.132326 2.34961
96.4 0.128262 2.86217
96.5 0.440781 3.38822
96.6 0.796973 3.73561
96.7 1.1659 3.64286
96.8 1.49828 3.00472
96.9 1.7508 2.04573
97 1.91002 1.13865
97.1 1.99171 0.495132
97.2 2.0221 0.112723
97.3 2.02299 -0.0949785
97.4 2.00799 -0.204999
97.5 1.9845 -0.264694
97.6 1.9563 -0.299335
97.7 1.92525 -0.321713
97.8 1.89225 -0.33823
97.9 1.85773 -0.352131
98 1.82187 -0.365119
98.1 1.78471 -0.378139
98.2 1.74621 -0.391771
98.3 1.7063 -0.406426
98.4 1.66486 -0.422449
98.5 1.62173 -0.440181
98.6 1.57672 -0.459997
98.7 1.5296 -0.482337
98.8 1.4801 -0.507748
98.9 1.42786 -0.536914
99 1.37248 -0.570722
99.1 1.31343 -0.610328
99.2 1.25005 -0.657267
99.3 1.18151 -0.71361
99.4 1.10672 -0.78218
99.5 1.02426 -0.866886
99.6 0.93226 -0.973193
99.7 0.828161 -1.10878
99.8 0.708501 -1.28442
99.9 0.568542 -1.51475
100 0.401893 -1.81824
