0.1 0.4975 -0.05375
0.2 0.489233 -0.115717
0.3 0.474335 -0.186894
0.4 0.451825 -0.268678
0.5 0.42056 -0.36303
0.6 0.379166 -0.472653
0.7 0.325958 -0.601171
0.8 0.258838 -0.753247
0.9 0.175191 -0.934475
1 0.0718101 -1.15067
1.1 -0.0550635 -1.40579
1.2 -0.209383 -1.69705
1.3 -0.394267 -2.00538
1.4 -0.609771 -2.28152
1.5 -0.849206 -2.4371
1.6 -1.09547 -2.36809
1.7 -1.32206 -2.03213
1.8 -1.50347 -1.51722
1.9 -1.62855 -0.985472
2 -1.70267 -0.548612
2.1 -1.7386 -0.23237
2.2 -1.74844 -0.0167275
2.3 -1.74103 0.127657
2.4 -1.72215 0.22527
2.5 -1.69544 0.293414
2.6 -1.66312 0.343529
2.7 -1.62652 0.383008
2.8 -1.58639 0.41664
2.9 -1.54311 0.447608
3 -1.49682 0.478147
3.1 -1.44745 0.50997
3.2 -1.3948 0.544555
3.3 -1.33852 0.583354
3.4 -1.27811 0.627975
3.5 -1.2129 0.680356
3.6 -1.14201 0.742979
3.7 -1.06426 0.819145
3.8 -0.978111 0.913351
3.9 -0.88149 1.03182
4 -0.7716 1.18322
4.1 -0.644632 1.37951
4.2 -0.495395 1.63665
4.3 -0.316903 1.97393
4.4 -0.100169 2.40858
4.5 0.165034 2.93674
4.6 0.48645 3.48586
4.7 0.859214 3.83983
4.8 1.24895 3.65284
4.9 1.58754 2.79901
5 1.81695 1.71586
5.1 1.93996 0.880886
5.2 1.99401 0.365097
5.3 2.00968 0.0682832
5.4 2.00439 -0.100699
5.5 1.98734 -0.198404
5.6 1.96341 -0.256893
5.7 1.93524 -0.29392
5.8 1.90424 -0.31929
5.9 1.87117 -0.338455
6 1.83644 -0.354492
6.1 1.80022 -0.369187
6.2 1.76257 -0.383624
6.3 1.72348 -0.398507
6.4 1.68286 -0.414352
6.5 1.6406 -0.431587
6.6 1.59654 -0.450622
6.7 1.55048 -0.471901
6.8 1.50216 -0.495933
6.9 1.45129 -0.523345
7 1.39748 -0.554922
7.1 1.34029 -0.591676
7.2 1.27914 -0.634931
7.3 1.21329 -0.686448
7.4 1.14182 -0.748603
7.5 1.06352 -0.824644
7.6 0.976819 -0.919057
7.7 0.879608 -1.0381
7.8 0.769051 -1.1905
7.9 0.641292 -1.38833
8 0.491078 -1.6477
8.1 0.31135 -1.98798
8.2 0.0930421 -2.42618
8.3 -0.174093 -2.95719
8.4 -0.497617 -3.50498
8.5 -0.871998 -3.84745
8.6 -1.2616 -3.63747
8.7 -1.59752 -2.76511
8.8 -1.82313 -1.68327
8.9 -1.94322 -0.858976
9 -1.99556 -0.352116
9.1 -2.01029 -0.0608462
9.2 -2.00447 0.104961
9.3 -1.98712 0.200886
9.4 -1.96302 0.258383
9.5 -1.93474 0.294858
9.6 -1.90367 0.31992
9.7 -1.87056 0.338915
9.8 -1.83578 0.354862
9.9 -1.79953 0.369514
10 -1.76185 0.383934
10.1 -1.72272 0.39882
10.2 -1.68208 0.41468
10.3 -1.63978 0.431941
10.4 -1.59569 0.451012
10.5 -1.54958 0.472335
10.6 -1.50122 0.496425
10.7 -1.45029 0.523907
10.8 -1.39643 0.555572
10.9 -1.33917 0.592435
11 -1.27793 0.635829
11.1 -1.21198 0.687524
11.2 -1.14039 0.74991
11.3 -1.06195 0.826254
11.4 -0.975074 0.92107
11.5 -0.877638 1.04065
11.6 -0.766794 1.1938
11.7 -0.638662 1.39264
11.8 -0.487958 1.65335
11.9 -0.307586 1.99537
12 -0.0884453 2.43551
12.1 0.179712 2.96789
12.2 0.504323 3.51441
12.3 0.879449 3.8497
12.4 1.26874 3.62646
12.5 1.60294 2.74443
12.6 1.82629 1.66442
12.7 1.94473 0.846621
12.8 1.99612 0.344902
12.9 2.01033 0.0567444
13 2.00423 -0.107309
13.1 1.98672 -0.202267
13.2 1.96252 -0.259234
13.3 1.93417 -0.29542
13.4 1.90306 -0.320326
13.5 1.86991 -0.33924
13.6 1.8351 -0.355149
13.7 1.79882 -0.369788
13.8 1.76112 -0.384211
13.9 1.72196 -0.399111
14 1.68129 -0.414994
14.1 1.63896 -0.432285
14.2 1.59483 -0.451395
14.3 1.54868 -0.472766
14.4 1.50027 -0.496914
14.5 1.44929 -0.524468
14.6 1.39537 -0.556221
14.7 1.33804 -0.593195
14.8 1.27672 -0.636729
14.9 1.21068 -0.688602
15 1.13897 -0.75122
15.1 1.06038 -0.827869
15.2 0.973326 -0.923092
15.3 0.875664 -1.04322
15.4 0.764531 -1.19711
15.5 0.636023 -1.39697
15.6 0.484828 -1.65904
15.7 0.303809 -2.0028
15.8 0.0838312 -2.44487
15.9 -0.185352 -2.9786
16 -0.511048 -3.52377
16.1 -0.886904 -3.85173
16.2 -1.27586 -3.61519
16.3 -1.60831 -2.7237
16.4 -1.82942 -1.64567
16.5 -1.94622 -0.834386
16.6 -1.99667 -0.337765
16.7 -2.01037 -0.0526871
16.8 -2.00398 0.109633
16.9 -1.98631 0.203634
17 -1.96201 0.260077
17.1 -1.9336 0.295977
17.2 -1.90244 0.32073
17.3 -1.86926 0.339564
17.4 -1.83443 0.355435
17.5 -1.79812 0.370061
17.6 -1.76039 0.384488
17.7 -1.7212 0.399403
17.8 -1.6805 0.415309
17.9 -1.63814 0.432631
18 -1.59397 0.451779
18.1 -1.54778 0.473198
18.2 -1.49933 0.497404
18.3 -1.4483 0.52503
18.4 -1.39432 0.556873
18.5 -1.33691 0.593958
18.6 -1.27551 0.637632
18.7 -1.20937 0.689685
18.8 -1.13754 0.752536
18.9 -1.05881 0.829491
19 -0.971574 0.925122
19.1 -0.873686 1.0458
19.2 -0.762262 1.20044
19.3 -0.633377 1.40131
19.4 -0.481687 1.66476
19.5 -0.300018 2.01026
19.6 -0.0791992 2.45427
19.7 0.191012 2.98931
19.8 0.517791 3.53306
19.9 0.894366 3.85356
20 1.28296 3.60367
20.1 1.61363 2.70289
20.2 1.83251 1.62704
20.3 1.94768 0.822269
20.4 1.9972 0.330704
20.5 2.0104 0.0486732
20.6 2.00373 -0.111933
20.7 1.9859 -0.204989
20.8 1.9615 -0.260913
20.9 1.93303 -0.296531
21 1.90183 -0.321132
21.1 1.86861 -0.339887
21.2 1.83375 -0.355721
21.3 1.79741 -0.370335
21.4 1.75965 -0.384766
21.5 1.72044 -0.399695
21.6 1.67971 -0.415624
21.7 1.63732 -0.432977
21.8 1.59311 -0.452164
21.9 1.54688 -0.473631
22 1.49838 -0.497896
22.1 1.4473 -0.525594
22.2 1.39326 -0.557526
22.3 1.33578 -0.594723
22.4 1.2743 -0.638538
22.5 1.20806 -0.690772
22.6 1.13611 -0.753857
22.7 1.05724 -0.83112
22.8 0.969818 -0.927161
22.9 0.871702 -1.0484
23 0.759986 -1.20378
23.1 0.630723 -1.40569
23.2 0.478535 -1.6705
23.3 0.296213 -2.01775
23.4 0.0745493 -2.4637
23.5 -0.196693 -3.00004
23.6 -0.524553 -3.54227
23.7 -0.901834 -3.85517
23.8 -1.29004 -3.59188
23.9 -1.61892 -2.68203
24 -1.83555 -1.60852
24.1 -1.94912 -0.810268
24.2 -1.99772 -0.323717
24.3 -2.01042 -0.0447022
24.4 -2.00348 0.114209
24.5 -1.98548 0.20633
24.6 -1.96099 0.261742
24.7 -1.93246 0.297081
24.8 -1.90122 0.321531
24.9 -1.86796 0.340209
25 -1.83307 0.356007
25.1 -1.79671 0.370609
25.2 -1.75892 0.385044
25.3 -1.71968 0.399988
25.4 -1.67892 0.41594
25.5 -1.63649 0.433324
25.6 -1.59225 0.45255
25.7 -1.54598 0.474065
25.8 -1.49743 0.498389
25.9 -1.4463 0.52616
26 -1.3922 0.558181
26.1 -1.33465 0.59549
26.2 -1.27308 0.639447
26.3 -1.20674 0.691862
26.4 -1.13468 0.755183
26.5 -1.05566 0.832755
26.6 -0.968059 0.92921
26.7 -0.869713 1.051
26.8 -0.757704 1.20715
26.9 -0.62806 1.41008
27 -0.475373 1.67628
27.1 -0.292393 2.02529
27.2 -0.0698813 2.47317
27.3 0.202396 3.01077
27.4 0.531335 3.55141
27.5 0.909306 3.85656
27.6 1.29709 3.57983
27.7 1.62416 2.66111
27.8 1.83857 1.59012
27.9 1.95053 0.798382
28 1.99823 0.316805
28.1 2.01044 0.0407737
28.2 2.00322 -0.116461
28.3 1.98507 -0.207658
28.4 1.96048 -0.262564
28.5 1.93189 -0.297626
28.6 1.9006 -0.321929
28.7 1.86731 -0.34053
28.8 1.83239 -0.356292
28.9 1.796 -0.370883
29 1.75819 -0.385322
29.1 1.71892 -0.40028
29.2 1.67812 -0.416256
29.3 1.63567 -0.433671
29.4 1.59139 -0.452937
29.5 1.54508 -0.4745
29.6 1.49649 -0.498883
29.7 1.4453 -0.526727
29.8 1.39113 -0.558838
29.9 1.33352 -0.59626
30 1.27187 -0.640359
30.1 1.20543 -0.692956
30.2 1.13325 -0.756514
30.3 1.05408 -0.834398
30.4 0.966295 -0.931267
30.5 0.86772 -1.05362
30.6 0.755416 -1.21053
30.7 0.625389 -1.4145
30.8 0.472199 -1.68209
30.9 0.288559 -2.03286
31 0.0651952 -2.48267
31.1 -0.208119 -3.0215
31.2 -0.538135 -3.56046
31.3 -0.916784 -3.85774
31.4 -1.30413 -3.56753
31.5 -1.62936 -2.64014
31.6 -1.84154 -1.57183
31.7 -1.95193 -0.786613
31.8 -1.99872 -0.309967
31.9 -2.01044 -0.036887
32 -2.00296 0.11869
32.1 -1.98465 0.208974
32.2 -1.95997 0.263379
32.3 -1.93132 0.298169
32.4 -1.89998 0.322324
32.5 -1.86666 0.340849
32.6 -1.83171 0.356576
32.7 -1.79529 0.371157
32.8 -1.75745 0.3856
32.9 -1.71816 0.400573
33 -1.67733 0.416573
33.1 -1.63484 0.434019
33.2 -1.59053 0.453324
33.3 -1.54418 0.474936
33.4 -1.49554 0.499378
33.5 -1.4443 0.527295
33.6 -1.39007 0.559497
33.7 -1.33239 0.597032
33.8 -1.27065 0.641274
33.9 -1.20411 0.694055
34 -1.13181 0.75785
34.1 -1.05249 0.836047
34.2 -0.964527 0.933334
34.3 -0.865721 1.05625
34.4 -0.753121 1.21392
34.5 -0.622709 1.41894
34.6 -0.469015 1.68792
34.7 -0.284711 2.04046
34.8 -0.060491 2.4922
34.9 0.213863 3.03224
35 0.544953 3.56943
35.1 0.924266 3.85869
35.2 1.31114 3.55498
35.3 1.63452 2.61913
35.4 1.84447 1.55366
35.5 1.9533 0.774957
35.6 1.99921 0.303201
35.7 2.01045 0.0330419
35.8 2.00269 -0.120896
35.9 1.98423 -0.210277
36 1.95946 -0.264187
36.1 1.93074 -0.298707
36.2 1.89937 -0.322718
36.3 1.86601 -0.341168
36.4 1.83103 -0.356861
36.5 1.79459 -0.37143
36.6 1.75672 -0.385878
36.7 1.7174 -0.400867
36.8 1.67654 -0.41689
36.9 1.63402 -0.434368
37 1.58966 -0.453712
37.1 1.54327 -0.475373
37.2 1.49459 -0.499875
37.3 1.44329 -0.527865
37.4 1.38901 -0.560158
37.5 1.33125 -0.597806
37.6 1.26943 -0.642192
37.7 1.20279 -0.695157
37.8 1.13037 -0.759191
37.9 1.05091 -0.837703
38 0.962756 -0.93541
38.1 0.863718 -1.05889
38.2 0.75082 -1.21734
38.3 0.620021 -1.4234
38.4 0.465819 -1.69379
38.5 0.280849 -2.0481
38.6 0.0557685 -2.50177
38.7 -0.219628 -3.04299
38.8 -0.551791 -3.57831
38.9 -0.931751 -3.85942
39 -1.31812 -3.54217
39.1 -1.63963 -2.59807
39.2 -1.84737 -1.53561
39.3 -1.95464 -0.763415
39.4 -1.99968 -0.296507
39.5 -2.01044 -0.0292378
39.6 -2.00242 0.12308
39.7 -1.98381 0.211567
39.8 -1.95894 0.264989
39.9 -1.93017 0.299242
40 -1.89875 0.32311
40.1 -1.86536 0.341486
40.2 -1.83035 0.357144
40.3 -1.79388 0.371704
40.4 -1.75599 0.386156
40.5 -1.71664 0.401161
40.6 -1.67575 0.417208
40.7 -1.63319 0.434717
40.8 -1.5888 0.454101
40.9 -1.54237 0.475811
41 -1.49364 0.500373
41.1 -1.44229 0.528436
41.2 -1.38794 0.56082
41.3 -1.33012 0.598583
41.4 -1.26821 0.643113
41.5 -1.20147 0.696263
41.6 -1.12893 0.760538
41.7 -1.04932 0.839366
41.8 -0.960981 0.937495
41.9 -0.861709 1.06155
42 -0.748513 1.22077
42.1 -0.617325 1.42789
42.2 -0.462612 1.69968
42.3 -0.276972 2.05578
42.4 -0.0510276 2.51138
42.5 0.225414 3.05374
42.6 0.558646 3.58711
42.7 0.93924 3.85992
42.8 1.32508 3.52911
42.9 1.6447 2.57698
43 1.85023 1.51768
43.1 1.95597 0.751986
43.2 2.00014 0.289884
43.3 2.01043 0.0254742
43.4 2.00215 -0.125241
43.5 1.98338 -0.212846
43.6 1.95843 -0.265783
43.7 1.92959 -0.299773
43.8 1.89813 -0.323499
43.9 1.86471 -0.341803
44 1.82967 -0.357428
44.1 1.79317 -0.371977
44.2 1.75525 -0.386435
44.3 1.71587 -0.401455
44.4 1.67495 -0.417526
44.5 1.63236 -0.435067
44.6 1.58794 -0.454491
44.7 1.54146 -0.47625
44.8 1.49268 -0.500872
44.9 1.44128 -0.52901
45 1.38688 -0.561485
45.1 1.32898 -0.599362
45.2 1.26699 -0.644037
45.3 1.20015 -0.697374
45.4 1.12748 -0.76189
45.5 1.04772 -0.841036
45.6 0.959202 -0.939589
45.7 0.859696 -1.06422
45.8 0.746199 -1.22422
45.9 0.614621 -1.4324
46 0.459395 -1.70561
46.1 0.27308 -2.0635
46.2 0.0462684 -2.52102
46.3 -0.231221 -3.06449
46.4 -0.56552 -3.59582
46.5 -0.946733 -3.8602
46.6 -1.33202 -3.51581
46.7 -1.64972 -2.55585
46.8 -1.85306 -1.49987
46.9 -1.95727 -0.74067
47 -2.00059 -0.283332
47.1 -2.01041 -0.0217508
47.2 -2.00187 0.12738
47.3 -1.98296 0.214111
47.4 -1.95791 0.266571
47.5 -1.92901 0.3003
47.6 -1.89751 0.323887
47.7 -1.86406 0.342119
47.8 -1.82899 0.357711
47.9 -1.79246 0.372251
48 -1.75451 0.386714
48.1 -1.71511 0.40175
48.2 -1.67416 0.417845
48.3 -1.63153 0.435418
48.4 -1.58707 0.454882
48.5 -1.54056 0.47669
48.6 -1.49173 0.501373
48.7 -1.44028 0.529584
48.8 -1.38581 0.562152
48.9 -1.32784 0.600144
49 -1.26577 0.644965
49.1 -1.19882 0.698488
49.2 -1.12603 0.763247
49.3 -1.04612 0.842712
49.4 -0.957418 0.941693
49.5 -0.857677 1.0669
49.6 -0.743878 1.22768
49.7 -0.611907 1.43693
49.8 -0.456166 1.71157
49.9 -0.269174 2.07125
50 -0.0414907 2.53069
50.1 0.237049 3.07524
50.2 0.572412 3.60444
50.3 0.954228 3.86024
50.4 1.33893 3.50226
50.5 1.6547 2.5347
50.6 1.85584 1.48218
50.7 1.95856 0.729464
50.8 2.00102 0.276849
50.9 2.01039 0.0180671
51 2.00159 -0.129497
51.1 1.98253 -0.215365
51.2 1.95739 -0.267352
51.3 1.92844 -0.300824
51.4 1.89689 -0.324273
51.5 1.8634 -0.342434
51.6 1.82831 -0.357994
51.7 1.79176 -0.372525
51.8 1.75378 -0.386993
51.9 1.71434 -0.402045
52 1.67336 -0.418164
52.1 1.63071 -0.435769
52.2 1.58621 -0.455274
52.3 1.53965 -0.477131
52.4 1.49078 -0.501874
52.5 1.43927 -0.53016
52.6 1.38474 -0.56282
52.7 1.3267 -0.600928
52.8 1.26454 -0.645896
52.9 1.1975 -0.699606
53 1.12458 -0.764609
53.1 1.04452 -0.844396
53.2 0.955631 -0.943806
53.3 0.855654 -1.06959
53.4 0.741551 -1.23117
53.5 0.609185 -1.44149
53.6 0.452925 -1.71756
53.7 0.265253 -2.07904
53.8 0.0366945 -2.5404
53.9 -0.242898 -3.08599
54 -0.579322 -3.61296
54.1 -0.961725 -3.86005
54.2 -1.34582 -3.48847
54.3 -1.65964 -2.51353
54.4 -1.8586 -1.46462
54.5 -1.95982 -0.71837
54.6 -2.00145 -0.270436
54.7 -2.01035 -0.0144226
54.8 -2.00131 0.131592
54.9 -1.9821 0.216607
55 -1.95687 0.268127
55.1 -1.92786 0.301345
55.2 -1.89627 0.324657
55.3 -1.86275 0.342748
55.4 -1.82763 0.358276
55.5 -1.79105 0.372798
55.6 -1.75304 0.387272
55.7 -1.71358 0.40234
55.8 -1.67257 0.418484
55.9 -1.62988 0.436122
56 -1.58534 0.455666
56.1 -1.53874 0.477573
56.2 -1.48982 0.502377
56.3 -1.43826 0.530738
56.4 -1.38367 0.563491
56.5 -1.32556 0.601715
56.6 -1.26331 0.646829
56.7 -1.19617 0.700729
56.8 -1.12313 0.765977
56.9 -1.04292 0.846087
57 -0.95384 0.945929
57.1 -0.853625 1.0723
57.2 -0.739218 1.23467
57.3 -0.606455 1.44607
57.4 -0.449674 1.72358
57.5 -0.261317 2.08687
57.6 -0.0318796 2.55013
57.7 0.248769 3.09673
57.8 0.586249 3.62139
57.9 0.969224 3.85963
58 1.35268 3.47444
58.1 1.66453 2.49233
58.2 1.86131 1.44717
58.3 1.96106 0.707385
58.4 2.00186 0.264091
58.5 2.01032 0.0108168
58.6 2.00102 -0.133666
58.7 1.98166 -0.217838
58.8 1.95635 -0.268895
58.9 1.92728 -0.301861
59 1.89565 -0.325039
59.1 1.8621 -0.343061
59.2 1.82694 -0.358558
59.3 1.79034 -0.373072
59.4 1.7523 -0.387552
59.5 1.71281 -0.402636
59.6 1.67177 -0.418805
59.7 1.62905 -0.436474
59.8 1.58447 -0.45606
59.9 1.53783 -0.478016
60 1.48887 -0.502881
60.1 1.43725 -0.531318
60.2 1.3826 -0.564164
60.3 1.32441 -0.602504
60.4 1.26208 -0.647766
60.5 1.19484 -0.701855
60.6 1.12168 -0.76735
60.7 1.04131 -0.847785
60.8 0.952045 -0.948061
60.9 0.851591 -1.07501
61 0.736877 -1.23818
61.1 0.603716 -1.45067
61.2 0.446411 -1.72963
61.3 0.257366 -2.09473
61.4 0.0270461 -2.55991
61.5 -0.25466 -3.10748
61.6 -0.593194 -3.62971
61.7 -0.976725 -3.85897
61.8 -1.35951 -3.46017
61.9 -1.66938 -2.47113
62 -1.86399 -1.42985
62.1 -1.96228 -0.696509
62.2 -2.00226 -0.257813
62.3 -2.01027 -0.0072495
62.4 -2.00073 0.135718
62.5 -1.98123 0.219056
62.6 -1.95582 0.269657
62.7 -1.9267 0.302375
62.8 -1.89503 0.32542
62.9 -1.86144 0.343373
63 -1.82626 0.35884
63.1 -1.78962 0.373345
63.2 -1.75157 0.387832
63.3 -1.71205 0.402932
63.4 -1.67097 0.419126
63.5 -1.62822 0.436828
63.6 -1.58361 0.456454
63.7 -1.53692 0.47846
63.8 -1.48791 0.503387
63.9 -1.43624 0.531899
64 -1.38153 0.564838
64.1 -1.32327 0.603296
64.2 -1.26085 0.648706
64.3 -1.1935 0.702986
64.4 -1.12022 0.768728
64.5 -1.03971 0.84949
64.6 -0.950246 0.950203
64.7 -0.849552 1.07775
64.8 -0.734531 1.24172
64.9 -0.600968 1.4553
65 -0.443136 1.73571
65.1 -0.2534 2.10263
65.2 -0.0221938 2.56971
65.3 0.260573 3.11822
65.4 0.600157 3.63794
65.5 0.984226 3.85807
65.6 1.36632 3.44566
65.7 1.67419 2.44991
65.8 1.86664 1.41266
65.9 1.96347 0.685741
66 2.00265 0.251603
66.1 2.01022 0.0037201
66.2 2.00043 -0.13775
66.3 1.98079 -0.220264
66.4 1.9553 -0.270413
66.5 1.92611 -0.302885
66.6 1.8944 -0.325798
66.7 1.86079 -0.343685
66.8 1.82558 -0.359121
66.9 1.78891 -0.373619
67 1.75083 -0.388112
67.1 1.71128 -0.403229
67.2 1.67018 -0.419447
67.3 1.62739 -0.437182
67.4 1.58274 -0.456849
67.5 1.53601 -0.478906
67.6 1.48695 -0.503894
67.7 1.43523 -0.532481
67.8 1.38045 -0.565515
67.9 1.32212 -0.60409
68 1.25962 -0.64965
68.1 1.19217 -0.704121
68.2 1.11876 -0.770112
68.3 1.03809 -0.851203
68.4 0.948442 -0.952355
68.5 0.847508 -1.08049
68.6 0.732177 -1.24527
68.7 0.598212 -1.45995
68.8 0.43985 -1.74183
68.9 0.24942 -2.11057
69 0.0173226 -2.57954
69.1 -0.266506 -3.12896
69.2 -0.607137 -3.64606
69.3 -0.991727 -3.85693
69.4 -1.3731 -3.43092
69.5 -1.67895 -2.42869
69.6 -1.86925 -1.39559
69.7 -1.96465 -0.675081
69.8 -2.00303 -0.245459
69.9 -2.01017 -0.000228223
70 -2.00013 0.139761
70.1 -1.98035 0.221459
70.2 -1.95477 0.271163
70.3 -1.92553 0.303392
70.4 -1.89378 0.326175
70.5 -1.86013 0.343996
70.6 -1.82489 0.359402
70.7 -1.7882 0.373892
70.8 -1.75009 0.388392
70.9 -1.71051 0.403526
71 -1.66938 0.419769
71.1 -1.62655 0.437537
71.2 -1.58187 0.457245
71.3 -1.5351 0.479352
71.4 -1.486 0.504402
71.5 -1.43422 0.533065
71.6 -1.37938 0.566193
71.7 -1.32097 0.604887
71.8 -1.25838 0.650596
71.9 -1.19083 0.705259
72 -1.1173 0.771501
72.1 -1.03648 0.852922
72.2 -0.946635 0.954516
72.3 -0.845459 1.08325
72.4 -0.729817 1.24885
72.5 -0.595446 1.46463
72.6 -0.436553 1.74798
72.7 -0.245424 2.11855
72.8 -0.0124326 2.58941
72.9 0.272461 3.13969
73 0.614134 3.65407
73.1 0.999229 3.85554
73.2 1.37985 3.41595
73.3 1.68366 2.40747
73.4 1.87182 1.37864
73.5 1.96581 0.664528
73.6 2.0034 0.23938
73.7 2.01011 -0.00322655
73.8 1.99983 -0.141751
73.9 1.97991 -0.222644
74 1.95424 -0.271906
74.1 1.92495 -0.303895
74.2 1.89316 -0.32655
74.3 1.85947 -0.344305
74.4 1.82421 -0.359683
74.5 1.78749 -0.374166
74.6 1.74935 -0.388672
74.7 1.70974 -0.403824
74.8 1.66858 -0.420092
74.9 1.62572 -0.437893
75 1.581 -0.457642
75.1 1.53419 -0.479799
75.2 1.48504 -0.504912
75.3 1.43321 -0.533651
75.4 1.3783 -0.566874
75.5 1.31982 -0.605686
75.6 1.25715 -0.651546
75.7 1.18949 -0.706402
75.8 1.11583 -0.772896
75.9 1.03486 -0.854649
76 0.944823 -0.956687
76.1 0.843404 -1.08602
76.2 0.72745 -1.25244
76.3 0.592672 -1.46933
76.4 0.433244 -1.75415
76.5 0.241413 -2.12656
76.6 0.00752364 -2.59931
76.7 -0.278437 -3.15041
76.8 -0.621148 -3.66197
76.9 -1.00673 -3.85391
77 -1.38657 -3.40076
77.1 -1.68834 -2.38625
77.2 -1.87436 -1.36182
77.3 -1.96695 -0.65408
77.4 -2.00376 -0.233367
77.5 -2.01004 0.00664463
77.6 -1.99952 0.143721
77.7 -1.97946 0.223817
77.8 -1.95372 0.272643
77.9 -1.92436 0.304395
78 -1.89253 0.326924
78.1 -1.85882 0.344614
78.2 -1.82352 0.359963
78.3 -1.78678 0.374439
78.4 -1.74861 0.388953
78.5 -1.70897 0.404121
78.6 -1.66778 0.420415
78.7 -1.62489 0.438249
78.8 -1.58013 0.458039
78.9 -1.53328 0.480248
79 -1.48408 0.505422
79.1 -1.43219 0.534239
79.2 -1.37722 0.567556
79.3 -1.31867 0.606488
79.4 -1.25591 0.652499
79.5 -1.18815 0.70755
79.6 -1.11436 0.774296
79.7 -1.03323 0.856383
79.8 -0.943008 0.958868
79.9 -0.841344 1.08881
80 -0.725076 1.25604
80.1 -0.589889 1.47406
80.2 -0.429923 1.76036
80.3 -0.237387 2.13461
80.4 -0.00259563 2.60924
80.5 0.284434 3.16113
80.6 0.628178 3.66976
80.7 1.01423 3.85203
80.8 1.39326 3.38534
80.9 1.69296 2.36504
81 1.87687 1.34513
81.1 1.96807 0.643737
81.2 2.0041 0.227417
81.3 2.00996 -0.0100264
81.4 1.99922 -0.145671
81.5 1.97902 -0.22498
81.6 1.95319 -0.273374
81.7 1.92378 -0.304892
81.8 1.89191 -0.327295
81.9 1.85816 -0.344922
82 1.82284 -0.360244
82.1 1.78606 -0.374713
82.2 1.74787 -0.389234
82.3 1.70821 -0.40442
82.4 1.66698 -0.420739
82.5 1.62405 -0.438606
82.6 1.57926 -0.458438
82.7 1.53236 -0.480698
82.8 1.48311 -0.505934
82.9 1.43117 -0.534828
83 1.37614 -0.568241
83.1 1.31752 -0.607292
83.2 1.25467 -0.653455
83.3 1.1868 -0.708701
83.4 1.11289 -0.775702
83.5 1.03161 -0.858125
83.6 0.941188 -0.961058
83.7 0.839279 -1.09161
83.8 0.722695 -1.25967
83.9 0.587097 -1.47881
84 0.42659 -1.7666
84.1 0.233345 -2.1427
84.2 -0.00235148 -2.6192
84.3 -0.290452 -3.17183
84.4 -0.635226 -3.67744
84.5 -1.02173 -3.84991
84.6 -1.39992 -3.3697
84.7 -1.69755 -2.34385
84.8 -1.87934 -1.32857
84.9 -1.96916 -0.633499
85 -2.00444 -0.221532
85.1 -2.00988 0.0133723
85.2 -1.9989 0.147601
85.3 -1.97857 0.226131
85.4 -1.95266 0.2741
85.5 -1.92319 0.305386
85.6 -1.89128 0.327666
85.7 -1.8575 0.34523
85.8 -1.82215 0.360523
85.9 -1.78535 0.374987
86 -1.74713 0.389515
86.1 -1.70744 0.404718
86.2 -1.66618 0.421063
86.3 -1.62322 0.438964
86.4 -1.57838 0.458837
86.5 -1.53145 0.481148
86.6 -1.48215 0.506448
86.7 -1.43016 0.535419
86.8 -1.37506 0.568928
86.9 -1.31636 0.608099
87 -1.25343 0.654415
87.1 -1.18545 0.709857
87.2 -1.11142 0.777113
87.3 -1.02998 0.859874
87.4 -0.939364 0.963259
87.5 -0.837209 1.09442
87.6 -0.720308 1.26331
87.7 -0.584296 1.48358
87.8 -0.423246 1.77288
87.9 -0.229288 2.15082
88 0.00731774 2.6292
88.1 0.296491 3.18253
88.2 0.642289 3.68499
88.3 1.02923 3.84753
88.4 1.40655 3.35385
88.5 1.70209 2.32267
88.6 1.88178 1.31213
88.7 1.97024 0.623364
88.8 2.00476 0.215709
88.9 2.0098 -0.0166828
89 1.99859 -0.149512
89.1 1.97812 -0.227272
89.2 1.95212 -0.274819
89.3 1.92261 -0.305876
89.4 1.89065 -0.328034
89.5 1.85684 -0.345536
89.6 1.82146 -0.360803
89.7 1.78464 -0.37526
89.8 1.74639 -0.389797
89.9 1.70667 -0.405018
90 1.66538 -0.421388
90.1 1.62238 -0.439322
90.2 1.57751 -0.459238
90.3 1.53054 -0.4816
90.4 1.48119 -0.506963
90.5 1.42914 -0.536011
90.6 1.37398 -0.569616
90.7 1.31521 -0.608909
90.8 1.25218 -0.655378
90.9 1.18411 -0.711017
91 1.10994 -0.77853
91.1 1.02835 -0.86163
91.2 0.937536 -0.96547
91.3 0.835133 -1.09724
91.4 0.717913 -1.26698
91.5 0.581486 -1.48838
91.6 0.419889 -1.77919
91.7 0.225216 -2.15899
91.8 -0.0123032 -2.63922
91.9 -0.302552 -3.19321
92 -0.649369 -3.69243
92.1 -1.03672 -3.8449
92.2 -1.41315 -3.33778
92.3 -1.70658 -2.30151
92.4 -1.88419 -1.29582
92.5 -1.9713 -0.613332
92.6 -2.00508 -0.209948
92.7 -2.00971 0.0199581
92.8 -1.99827 0.151403
92.9 -1.97767 0.228402
93 -1.95159 0.275533
93.1 -1.92202 0.306364
93.2 -1.89002 0.328401
93.3 -1.85618 0.345842
93.4 -1.82077 0.361082
93.5 -1.78392 0.375534
93.6 -1.74564 0.390078
93.7 -1.70589 0.405317
93.8 -1.66457 0.421714
93.9 -1.62155 0.439682
94 -1.57664 0.459639
94.1 -1.52962 0.482053
94.2 -1.48022 0.507479
94.3 -1.42812 0.536605
94.4 -1.3729 0.570307
94.5 -1.31405 0.609721
94.6 -1.25094 0.656344
94.7 -1.18275 0.712181
94.8 -1.10846 0.779952
94.9 -1.02671 0.863394
95 -0.935704 0.96769
95.1 -0.833052 1.10008
95.2 -0.715512 1.27066
95.3 -0.578667 1.49321
95.4 -0.416521 1.78552
95.5 -0.221128 2.16718
95.6 0.017308 2.64927
95.7 0.308633 3.20387
95.8 0.656464 3.69975
95.9 1.04421 3.84201
96 1.41972 3.3215
96.1 1.71104 2.28038
96.2 1.88656 1.27963
96.3 1.97234 0.603401
96.4 2.00538 0.204249
96.5 2.00961 -0.0231987
96.6 1.99795 -0.153276
96.7 1.97722 -0.229522
96.8 1.95106 -0.276241
96.9 1.92143 -0.306848
97 1.8894 -0.328766
97.1 1.85552 -0.346147
97.2 1.82009 -0.361361
97.3 1.78321 -0.375808
97.4 1.7449 -0.39036
97.5 1.70512 -0.405617
97.6 1.66377 -0.42204
97.7 1.62071 -0.440042
97.8 1.57576 -0.460041
97.9 1.5287 -0.482507
98 1.47926 -0.507996
98.1 1.4271 -0.537201
98.2 1.37181 -0.571
98.3 1.31289 -0.610535
98.4 1.24969 -0.657313
98.5 1.1814 -0.71335
98.6 1.10698 -0.781381
98.7 1.02507 -0.865165
98.8 0.933867 -0.969921
98.9 0.830966 -1.10294
99 0.713104 -1.27436
99.1 0.575839 -1.49806
99.2 0.413141 -1.7919
99.3 0.217025 -2.17542
99.4 -0.0223321 -2.65935
99.5 -0.314736 -3.21452
99.6 -0.663576 -3.70694
99.7 -1.0517 -3.83887
99.8 -1.42625 -3.30501
99.9 -1.71544 -2.25927
100 -1.8889 -1.26358
