0.1 0.497372 -0.0538622
0.2 0.488953 -0.115974
0.3 0.473869 -0.18735
0.4 0.451127 -0.269421
0.5 0.419563 -0.364194
0.6 0.377775 -0.474434
0.7 0.324039 -0.603845
0.8 0.256211 -0.757171
0.9 0.171621 -0.940051
1 0.0670236 -1.15819
1.1 -0.0613141 -1.415
1.2 -0.217148 -1.70631
1.3 -0.403047 -2.01052
1.4 -0.618007 -2.27591
1.5 -0.854077 -2.41663
1.6 -1.09402 -2.34149
1.7 -1.314 -2.0212
1.8 -1.49256 -1.53332
1.9 -1.61971 -1.0154
2 -1.69829 -0.573739
2.1 -1.73829 -0.245453
2.2 -1.75079 -0.0197608
2.3 -1.74474 0.130257
2.4 -1.72639 0.230034
2.5 -1.69976 0.298369
2.6 -1.66733 0.347787
2.7 -1.63056 0.386283
2.8 -1.59027 0.418928
2.9 -1.54686 0.449011
3 -1.50047 0.478785
3.1 -1.45106 0.509948
3.2 -1.39839 0.543951
3.3 -1.34212 0.58222
3.4 -1.28175 0.626336
3.5 -1.2166 0.678222
3.6 -1.14577 0.740349
3.7 -1.06808 0.816024
3.8 -0.981964 0.909771
3.9 -0.885317 1.02789
4 -0.775286 1.17917
4.1 -0.647978 1.37583
4.2 -0.498073 1.63415
4.3 -0.318444 1.97366
4.4 -0.100064 2.41082
4.5 0.166804 2.93785
4.6 0.487983 3.47351
4.7 0.854719 3.80149
4.8 1.23098 3.6226
4.9 1.55882 2.8562
5 1.79358 1.83556
5.1 1.93146 0.96759
5.2 1.99715 0.395396
5.3 2.01849 0.0651495
5.4 2.015 -0.115279
5.5 1.99805 -0.213408
5.6 1.97369 -0.26859
5.7 1.94503 -0.301839
5.8 1.91367 -0.324037
5.9 1.8804 -0.340808
6 1.84559 -0.355105
6.1 1.8094 -0.368532
6.2 1.77188 -0.382012
6.3 1.73298 -0.396133
6.4 1.69262 -0.41132
6.5 1.65067 -0.427938
6.6 1.60697 -0.446352
6.7 1.56133 -0.466962
6.8 1.51349 -0.490245
6.9 1.46317 -0.516785
7 1.41 -0.547325
7.1 1.35354 -0.582823
7.2 1.29323 -0.624533
7.3 1.22837 -0.674125
7.4 1.15807 -0.733854
7.5 1.08116 -0.806803
7.6 0.996129 -0.897242
7.7 0.900936 -1.01114
7.8 0.792845 -1.15687
7.9 0.66812 -1.3461
8 0.52166 -1.59453
8.1 0.346603 -1.92144
8.2 0.134149 -2.34456
8.3 -0.125522 -2.86179
8.4 -0.439296 -3.40631
8.5 -0.801335 -3.78228
8.6 -1.17979 -3.68865
8.7 -1.51812 -2.99188
8.8 -1.76728 -1.9774
8.9 -1.91765 -1.07188
9 -1.99165 -0.458709
9.1 -2.01779 -0.100291
9.2 -2.01693 0.0962799
9.3 -2.0014 0.20296
9.4 -1.97784 0.262525
9.5 -1.94966 0.297984
9.6 -1.91863 0.321276
9.7 -1.8856 0.338563
9.8 -1.851 0.353069
9.9 -1.81502 0.366534
10 -1.7777 0.379949
10.1 -1.73901 0.393934
10.2 -1.69888 0.408929
10.3 -1.65718 0.425303
10.4 -1.61376 0.443417
10.5 -1.56842 0.463662
10.6 -1.52094 0.486502
10.7 -1.47102 0.512501
10.8 -1.41831 0.542375
10.9 -1.36238 0.577044
11 -1.3027 0.61771
11.1 -1.23859 0.665972
11.2 -1.16918 0.72398
11.3 -1.09337 0.794671
11.4 -1.0097 0.882107
11.5 -0.916209 0.991955
11.6 -0.810297 1.13217
11.7 -0.688399 1.31386
11.8 -0.54565 1.55207
11.9 -0.375476 1.86572
12 -0.169358 2.27346
12.1 0.0825168 2.77832
12.2 0.387945 3.32751
12.3 0.743913 3.74777
12.4 1.12314 3.74313
12.5 1.47144 3.13
12.6 1.73592 2.13383
12.7 1.90039 1.19219
12.8 1.98411 0.533527
12.9 2.01596 0.142279
13 2.01823 -0.0735291
13.1 2.00441 -0.19052
13.2 1.98179 -0.255409
13.3 1.95417 -0.293574
13.4 1.9235 -0.318222
13.5 1.89074 -0.336165
13.6 1.85637 -0.350956
13.7 1.82059 -0.364503
13.8 1.78347 -0.377879
13.9 1.745 -0.391746
14 1.70509 -0.406562
14.1 1.66364 -0.422703
14.2 1.6205 -0.440527
14.3 1.57547 -0.46042
14.4 1.52833 -0.48283
14.5 1.4788 -0.508306
14.6 1.42654 -0.537535
14.7 1.37114 -0.571403
14.8 1.31207 -0.611063
14.9 1.24869 -0.658043
15 1.18015 -0.714398
15.1 1.1054 -0.782925
15.2 1.02303 -0.867488
15.3 0.931194 -0.97347
15.4 0.82738 -1.10843
15.5 0.708198 -1.28292
15.6 0.569006 -1.51137
15.7 0.403517 -1.81221
15.8 0.203501 -2.20472
15.9 -0.0407749 -2.69611
16 -0.337817 -3.24601
16.1 -0.687092 -3.70321
16.2 -1.06576 -3.78251
16.3 -1.42273 -3.25873
16.4 -1.70217 -2.29209
16.5 -1.88125 -1.31959
16.6 -1.97537 -0.614676
16.7 -2.01345 -0.188299
16.8 -2.01918 0.0485406
16.9 -2.00721 0.176907
17 -1.98563 0.247693
17.1 -1.95862 0.288861
17.2 -1.92833 0.315017
17.3 -1.89585 0.333696
17.4 -1.86171 0.348816
17.5 -1.82613 0.362468
17.6 -1.78922 0.375821
17.7 -1.75096 0.38958
17.8 -1.71128 0.404226
17.9 -1.67007 0.420142
18 -1.62719 0.437685
18.1 -1.58247 0.457236
18.2 -1.53567 0.479229
18.3 -1.48652 0.504197
18.4 -1.43471 0.532803
18.5 -1.37981 0.565897
18.6 -1.32134 0.604585
18.7 -1.25866 0.650331
18.8 -1.19098 0.705097
18.9 -1.11725 0.771549
19 -1.03616 0.853363
19.1 -0.945902 0.955653
19.2 -0.844108 1.08559
19.3 -0.727534 1.25323
19.4 -0.591754 1.47235
19.5 -0.430758 1.76085
19.6 -0.236614 2.13835
19.7 0.000275346 2.61548
19.8 0.288946 3.16267
19.9 0.631017 3.64983
20 1.00789 3.80698
20.1 1.37215 3.37651
20.2 1.666 2.45067
20.3 1.8601 1.45377
20.4 1.96535 0.702461
20.5 2.01022 0.23869
20.6 2.01972 -0.0210922
20.7 2.0098 -0.161999
20.8 1.98934 -0.239313
20.9 1.96298 -0.283812
21 1.93311 -0.311645
21.1 1.90092 -0.331148
21.2 1.86701 -0.346644
21.3 1.83165 -0.360428
21.4 1.79494 -0.373773
21.5 1.75688 -0.387435
21.6 1.71742 -0.401919
21.7 1.67646 -0.417618
21.8 1.63385 -0.43489
21.9 1.58941 -0.454108
22 1.54295 -0.475698
22.1 1.49418 -0.500173
22.2 1.4428 -0.528174
22.3 1.3884 -0.560519
22.4 1.33051 -0.59827
22.5 1.26852 -0.642828
22.6 1.20166 -0.696066
22.7 1.12894 -0.760528
22.8 1.04906 -0.83971
22.9 0.960344 -0.938474
23 0.860494 -1.06363
23.1 0.746426 -1.22473
23.2 0.61392 -1.43494
23.3 0.457232 -1.71157
23.4 0.268732 -2.07437
23.5 0.0390079 -2.53666
23.6 -0.241356 -3.07825
23.7 -0.575814 -3.58883
23.8 -0.949761 -3.81701
23.9 -1.31986 -3.48198
24 -1.62742 -2.60793
24.1 -1.83686 -1.59427
24.2 -1.95393 -0.797144
24.3 -2.00617 -0.293801
24.4 -2.01982 -0.0090569
24.5 -2.01216 0.145659
24.6 -1.99293 0.230197
24.7 -1.96727 0.278389
24.8 -1.93784 0.308087
24.9 -1.90595 0.32851
25 -1.87228 0.344433
25.1 -1.83713 0.358378
25.2 -1.80062 0.371732
25.3 -1.76277 0.385309
25.4 -1.72353 0.399641
25.5 -1.68281 0.415131
25.6 -1.64046 0.43214
25.7 -1.59632 0.451035
25.8 -1.55017 0.472233
25.9 -1.50178 0.49623
26 -1.45082 0.523646
26.1 -1.39691 0.555267
26.2 -1.33959 0.592113
26.3 -1.27827 0.635525
26.4 -1.21221 0.687295
26.5 -1.14045 0.749847
26.6 -1.06177 0.826509
26.7 -0.974528 0.921903
26.8 -0.876552 1.0425
26.9 -0.764893 1.19736
27 -0.635527 1.39907
27.1 -0.48297 1.66431
27.2 -0.299893 2.01276
27.3 -0.0771041 2.45985
27.4 0.195057 2.99341
27.5 0.521591 3.52142
27.6 0.891578 3.8133
27.7 1.26607 3.574
27.8 1.58647 2.76212
27.9 1.81143 1.74045
28 1.94101 0.898931
28.1 2.00125 0.353992
28.2 2.01945 0.0421662
28.3 2.01425 -0.127737
28.4 1.99636 -0.220265
28.5 1.97148 -0.272551
28.6 1.94251 -0.30432
28.7 1.91094 -0.325771
28.8 1.87751 -0.342178
28.9 1.84258 -0.356316
29 1.80627 -0.369697
29.1 1.76863 -0.383201
29.2 1.72961 -0.397389
29.3 1.68912 -0.41268
29.4 1.64703 -0.429434
29.5 1.60317 -0.448016
29.6 1.55735 -0.468833
29.7 1.50931 -0.492367
29.8 1.45877 -0.519215
29.9 1.40534 -0.550136
30 1.34857 -0.586108
30.1 1.28791 -0.628415
30.2 1.22262 -0.678772
30.3 1.15181 -0.739491
30.4 1.07427 -0.813741
30.5 0.988464 -0.905914
30.6 0.892294 -1.02215
30.7 0.78295 -1.17108
30.8 0.656598 -1.36466
30.9 0.508002 -1.61898
31 0.330132 -1.95348
31.1 0.114045 -2.3852
31.2 -0.150052 -2.90874
31.3 -0.468436 -3.44872
31.4 -0.833548 -3.79673
31.5 -1.21098 -3.65173
31.6 -1.5432 -2.91143
31.7 -1.78373 -1.89148
31.8 -1.92649 -1.00795
31.9 -1.99538 -0.419625
32 -2.01854 -0.0785137
32.1 -2.01606 0.108068
32.2 -1.99965 0.209429
32.3 -1.97559 0.266254
32.4 -1.94712 0.300323
32.5 -1.91589 0.32292
32.6 -1.88271 0.339873
32.7 -1.848 0.354237
32.8 -1.8119 0.367666
32.9 -1.77446 0.381109
33 -1.73565 0.395164
33.1 -1.69539 0.410262
33.2 -1.65356 0.42677
33.3 -1.60998 0.445049
33.4 -1.56447 0.465496
33.5 -1.51679 0.48858
33.6 -1.46665 0.514879
33.7 -1.41369 0.545121
33.8 -1.35746 0.580249
33.9 -1.29744 0.621492
34 -1.23291 0.670489
34.1 -1.16301 0.729448
34.2 -1.08659 0.801386
34.3 -1.00216 0.890479
34.4 -0.907731 1.00256
34.5 -0.800615 1.14582
34.6 -0.677155 1.33166
34.7 -0.532357 1.57552
34.8 -0.359485 1.8965
34.9 -0.149864 2.31281
35 0.106334 2.82472
35.1 0.416423 3.37183
35.2 0.775859 3.76832
35.3 1.15482 3.71462
35.4 1.49772 3.05405
35.5 1.7537 2.04631
35.6 1.91024 1.12424
35.7 1.98845 0.491059
35.8 2.01706 0.118396
35.9 2.01755 -0.0864743
36 2.00275 -0.197592
36.1 1.9796 -0.259446
36.2 1.95167 -0.296068
36.3 1.92079 -0.319942
36.4 1.88788 -0.33751
36.5 1.85338 -0.352137
36.6 1.81749 -0.365635
36.7 1.78026 -0.379031
36.8 1.74166 -0.392963
36.9 1.70163 -0.407878
37 1.66004 -0.424148
37.1 1.61675 -0.442132
37.2 1.57155 -0.46222
37.3 1.52422 -0.484868
37.4 1.47447 -0.510634
37.5 1.42196 -0.54022
37.6 1.36627 -0.574531
37.7 1.30686 -0.614748
37.8 1.24307 -0.662436
37.9 1.17406 -0.719704
38 1.09872 -0.789426
38.1 1.01563 -0.875575
38.2 0.922875 -0.98369
38.3 0.817902 -1.12155
38.4 0.697219 -1.30001
38.5 0.556063 -1.53385
38.6 0.387986 -1.84177
38.7 0.184597 -2.24275
38.8 -0.0638896 -2.74176
38.9 -0.365608 -3.29172
39 -0.718684 -3.72922
39.1 -1.09782 -3.76241
39.2 -1.45013 -3.18822
39.3 -1.72128 -2.20373
39.4 -1.89216 -1.24771
39.5 -1.98039 -0.568639
39.6 -2.01493 -0.162128
39.7 -2.0187 0.0627595
39.8 -2.00567 0.184647
39.9 -1.9835 0.252072
40 -1.95615 0.291528
40.1 -1.92565 0.316823
40.2 -1.89301 0.335082
40.3 -1.85874 0.350013
40.4 -1.82305 0.363603
40.5 -1.78602 0.376967
40.6 -1.74764 0.390784
40.7 -1.70783 0.405524
40.8 -1.66649 0.421565
40.9 -1.62347 0.439264
41 -1.57857 0.459003
41.1 -1.53158 0.481228
41.2 -1.48223 0.506477
41.3 -1.43016 0.535428
41.4 -1.37499 0.56895
41.5 -1.31619 0.608176
41.6 -1.25311 0.654604
41.7 -1.18496 0.710248
41.8 -1.11067 0.777846
41.9 -1.02887 0.861177
42 -0.937736 0.965505
42.1 -0.834826 1.09821
42.2 -0.71681 1.26963
42.3 -0.579147 1.4939
42.4 -0.415669 1.78922
42.5 -0.21828 2.17505
42.6 0.0227005 2.66022
42.7 0.316033 3.20931
42.8 0.662177 3.6806
42.9 1.0402 3.79515
43 1.40057 3.31229
43.1 1.68646 2.36232
43.2 1.87214 1.37816
43.3 1.9711 0.652689
43.4 2.01211 0.210039
43.5 2.01947 -0.0367109
43.6 2.00839 -0.170478
43.7 1.98729 -0.244071
43.8 1.96056 -0.28667
43.9 1.93045 -0.313547
44 1.8981 -0.332579
44.1 1.86406 -0.347859
44.2 1.82858 -0.361566
44.3 1.79175 -0.374913
44.4 1.75358 -0.388628
44.5 1.714 -0.403201
44.6 1.6729 -0.41902
44.7 1.63014 -0.436443
44.8 1.58555 -0.455845
44.9 1.53889 -0.477658
45 1.48992 -0.502406
45.1 1.43829 -0.530742
45.2 1.38362 -0.563501
45.3 1.32541 -0.601771
45.4 1.26304 -0.646986
45.5 1.19572 -0.701068
45.6 1.12244 -0.766629
45.7 1.04189 -0.847264
45.8 0.952326 -0.947974
45.9 0.851401 -1.07577
46 0.735948 -1.24047
46.1 0.601634 -1.4556
46.2 0.442566 -1.73879
46.3 0.250948 -2.10974
46.4 0.0172574 -2.58036
46.5 -0.267727 -3.1254
46.6 -0.606473 -3.6237
46.7 -0.982187 -3.81317
46.8 -1.34921 -3.42478
46.9 -1.64922 -2.52053
47 -1.85008 -1.5152
47.1 -1.96047 -0.743497
47.2 -2.00853 -0.262475
47.3 -2.01982 0.00809812
47.4 -2.01088 0.154953
47.5 -1.99095 0.235374
47.6 -1.96489 0.28146
47.7 -1.93521 0.310095
47.8 -1.90315 0.329992
47.9 -1.86934 0.34567
48 -1.83408 0.359522
48.1 -1.79746 0.372869
48.2 -1.75949 0.386491
48.3 -1.72013 0.400907
48.4 -1.67927 0.416513
48.5 -1.63678 0.433668
48.6 -1.59247 0.452742
48.7 -1.54615 0.474156
48.8 -1.49755 0.498418
48.9 -1.44635 0.526158
49 -1.39218 0.55818
49.1 -1.33454 0.595526
49.2 -1.27285 0.639572
49.3 -1.20634 0.692153
49.4 -1.13405 0.75576
49.5 -1.05471 0.833814
49.6 -0.966652 0.931067
49.7 -0.867641 1.05418
49.8 -0.75465 1.21248
49.9 -0.623549 1.41888
50 -0.468711 1.69041
50.1 -0.282638 2.04681
50.2 -0.0560116 2.50241
50.3 0.220707 3.04072
50.4 0.551692 3.55972
50.5 0.924006 3.81702
50.6 1.29623 3.52442
50.7 1.60959 2.67665
50.8 1.82588 1.65831
50.9 1.9484 0.841303
51 2.00411 0.31979
51.1 2.01972 0.0233279
51.2 2.01312 -0.137932
51.3 1.99447 -0.225907
51.4 1.96914 -0.275859
51.5 1.93991 -0.306447
51.6 1.90816 -0.327311
51.7 1.8746 -0.343441
51.8 1.83954 -0.357467
51.9 1.80313 -0.370831
52 1.76537 -0.384374
52.1 1.72623 -0.398641
52.2 1.6856 -0.414042
52.3 1.64337 -0.430937
52.4 1.59936 -0.449693
52.5 1.55336 -0.47072
52.6 1.50512 -0.494511
52.7 1.45434 -0.521673
52.8 1.40065 -0.552982
52.9 1.34358 -0.589437
53 1.28255 -0.632355
53.1 1.21683 -0.683493
53.2 1.1455 -0.745224
53.3 1.06733 -0.820807
53.4 0.980726 -0.914757
53.5 0.883557 -1.0334
53.6 0.772933 -1.1856
53.7 0.644916 -1.38366
53.8 0.494133 -1.64401
53.9 0.313387 -1.98624
54 0.0935924 -2.42654
54.1 -0.174981 -2.95589
54.2 -0.497931 -3.48983
54.3 -0.865867 -3.8075
54.4 -1.24184 -3.6102
54.5 -1.5676 -2.82891
54.6 -1.79946 -1.80675
54.7 -1.93479 -0.94628
54.8 -1.99878 -0.382345
54.9 -2.01911 -0.0578348
55 -2.01509 0.119258
55.1 -1.99784 0.215586
55.2 -1.97331 0.269824
55.3 -1.94456 0.302581
55.4 -1.91314 0.324524
55.5 -1.87982 0.341165
55.6 -1.84498 0.355398
55.7 -1.80877 0.368798
55.8 -1.77122 0.382273
55.9 -1.73229 0.396401
56 -1.6919 0.411606
56.1 -1.64992 0.42825
56.2 -1.60619 0.446697
56.3 -1.56051 0.467348
56.4 -1.51263 0.490682
56.5 -1.46226 0.517285
56.6 -1.40904 0.547903
56.7 -1.35252 0.583497
56.8 -1.29214 0.625329
56.9 -1.22719 0.675077
57 -1.15678 0.735009
57.1 -1.07975 0.808223
57.2 -0.994555 0.899016
57.3 -0.899162 1.01339
57.4 -0.790815 1.15977
57.5 -0.665757 1.34989
57.6 -0.518862 1.59952
57.7 -0.343229 1.92799
57.8 -0.130033 2.35288
57.9 0.130547 2.87145
58 0.445274 3.41515
58.1 0.807966 3.78555
58.2 1.18625 3.68142
58.3 1.52334 2.97548
58.4 1.77073 1.9596
58.5 1.91951 1.05852
58.6 1.99245 0.450501
58.7 2.01796 0.095709
58.8 2.01676 -0.0987608
58.9 2.00104 -0.20432
59 1.97737 -0.263307
59.1 1.94914 -0.298473
59.2 1.91806 -0.321619
59.3 1.885 -0.338835
59.4 1.85038 -0.35331
59.5 1.81437 -0.366767
59.6 1.77703 -0.380188
59.7 1.73832 -0.394187
59.8 1.69816 -0.409203
59.9 1.65643 -0.425605
60 1.61298 -0.443752
60.1 1.56761 -0.464039
60.2 1.52009 -0.486928
60.3 1.47012 -0.512989
60.4 1.41736 -0.542939
60.5 1.36137 -0.577701
60.6 1.30162 -0.618486
60.7 1.23742 -0.666897
60.8 1.16792 -0.725099
60.9 1.09198 -0.796045
61 1.00815 -0.883819
61.1 0.914468 -0.994124
61.2 0.808311 -1.13496
61.3 0.686094 -1.31749
61.4 0.542926 -1.55686
61.5 0.372201 -1.87201
61.6 0.165367 -2.28151
61.7 -0.0873944 -2.78785
61.8 -0.393785 -3.33672
61.9 -0.750484 -3.75227
62 -1.12969 -3.73764
62.1 -1.47691 -3.11457
62.2 -1.73965 -2.11574
62.3 -1.90247 -1.178
62.4 -1.98503 -0.524613
62.5 -2.0162 -0.137255
62.6 -2.0181 0.0762534
62.7 -2.00407 0.192007
62.8 -1.98134 0.256256
62.9 -1.95366 0.294096
63 -1.92294 0.31858
63.1 -1.89015 0.336444
63.2 -1.85575 0.351201
63.3 -1.81995 0.364736
63.4 -1.78281 0.378116
63.5 -1.74431 0.391996
63.6 -1.70438 0.406832
63.7 -1.6629 0.423
63.8 -1.61972 0.440857
63.9 -1.57466 0.460789
64 -1.52748 0.483248
64.1 -1.47791 0.508783
64.2 -1.4256 0.538086
64.3 -1.37014 0.572045
64.4 -1.311 0.611818
64.5 -1.24753 0.658943
64.6 -1.1789 0.715484
64.7 -1.10403 0.784256
64.8 -1.02151 0.869142
64.9 -0.929486 0.97556
65 -0.825435 1.11111
65.1 -0.705946 1.28641
65.2 -0.566353 1.51596
65.3 -0.400336 1.81825
65.4 -0.199631 2.2125
65.5 0.0455083 2.70548
65.6 0.343514 3.25549
65.7 0.693586 3.7088
65.8 1.07238 3.77875
65.9 1.42843 3.24446
66 1.70617 2.27386
66.1 1.88355 1.3046
66.2 1.97644 0.605018
66.3 2.01378 0.182795
66.4 2.01909 -0.051533
66.5 2.0069 -0.178535
66.6 1.98519 -0.248613
66.7 1.95811 -0.289419
66.8 1.92778 -0.315394
66.9 1.89527 -0.333984
67 1.86109 -0.349064
67.1 1.8255 -0.362702
67.2 1.78856 -0.376057
67.3 1.75027 -0.389828
67.4 1.71057 -0.404493
67.5 1.66933 -0.420434
67.6 1.62643 -0.43801
67.7 1.58166 -0.457599
67.8 1.53483 -0.47964
67.9 1.48564 -0.504665
68 1.43377 -0.533341
68.1 1.37882 -0.566523
68.2 1.32028 -0.605321
68.3 1.25752 -0.651207
68.4 1.18974 -0.706152
68.5 1.1159 -0.772838
68.6 1.03466 -0.854962
68.7 0.944226 -0.957668
68.8 0.842203 -1.08817
68.9 0.725334 -1.25658
69 0.58917 -1.47675
69.1 0.427667 -1.76664
69.2 0.23286 -2.14586
69.3 -0.00486718 -2.62465
69.4 -0.294498 -3.17232
69.5 -0.637419 -3.65637
69.6 -1.01456 -3.80491
69.7 -1.37805 -3.36358
69.8 -1.67028 -2.43248
69.9 -1.86264 -1.43802
70 -1.96657 -0.692026
70.1 -2.01063 -0.232665
70.2 -2.01968 0.0243792
70.3 -2.00952 0.163783
70.4 -1.98892 0.240313
70.5 -1.96249 0.28441
70.6 -1.93256 0.312042
70.7 -1.90034 0.331445
70.8 -1.8664 0.346895
70.9 -1.83101 0.360663
71 -1.79428 0.374007
71.1 -1.7562 0.38768
71.2 -1.71672 0.402183
71.3 -1.67573 0.417906
71.4 -1.63308 0.435209
71.5 -1.58862 0.454465
71.6 -1.54211 0.4761
71.7 -1.4933 0.500631
71.8 -1.44187 0.528701
71.9 -1.38742 0.561131
72 -1.32946 0.598988
72.1 -1.26739 0.64368
72.2 -1.20044 0.697091
72.3 -1.1276 0.761777
72.4 -1.04759 0.841256
72.5 -0.958698 0.940417
72.6 -0.858628 1.06611
72.7 -0.744277 1.22794
72.8 -0.611401 1.43916
72.9 -0.454227 1.71713
73 -0.265091 2.0816
73.1 -0.0345544 2.54562
73.2 0.246759 3.08799
73.3 0.58211 3.59619
73.4 0.956448 3.81658
73.5 1.32595 3.47052
73.6 1.63197 2.58998
73.7 1.83964 1.57782
73.8 1.95532 0.785905
73.9 2.00668 0.287216
74 2.01983 0.00544669
74.1 2.0119 -0.147614
74.2 1.99252 -0.231285
74.3 1.96678 -0.279032
74.4 1.9373 -0.308506
74.5 1.90538 -0.328818
74.6 1.87167 -0.344689
74.7 1.8365 -0.358614
74.8 1.79997 -0.371966
74.9 1.7621 -0.385552
75 1.72283 -0.399901
75.1 1.68208 -0.415415
75.2 1.6397 -0.432454
75.3 1.59553 -0.451386
75.4 1.54935 -0.472628
75.5 1.50091 -0.496679
75.6 1.4499 -0.524161
75.7 1.39593 -0.555865
75.8 1.33855 -0.592813
75.9 1.27715 -0.636354
76 1.211 -0.68829
76.1 1.13914 -0.751057
76.2 1.06032 -0.828004
76.3 0.972911 -0.923777
76.4 0.874723 -1.04488
76.5 0.762792 -1.20045
76.6 0.633071 -1.40311
76.7 0.480048 -1.66964
76.8 0.29636 -2.01972
76.9 0.0727854 -2.46857
77 -0.200312 -3.00317
77.1 -0.52777 -3.52945
77.2 -0.89826 -3.8144
77.3 -1.27232 -3.56414
77.4 -1.59129 -2.74461
77.5 -1.81447 -1.72339
77.6 -1.94258 -0.886868
77.7 -2.00187 -0.346805
77.8 -2.01952 -0.038202
77.9 -2.01402 0.129882
78 -1.99598 0.22145
78.1 -1.971 0.273244
78.2 -1.94197 0.304764
78.3 -1.91037 0.326092
78.4 -1.87691 0.34244
78.5 -1.84195 0.356553
78.6 -1.80563 0.369931
78.7 -1.76796 0.383442
78.8 -1.72891 0.397647
78.9 -1.6884 0.41296
79 -1.64627 0.429743
79.1 -1.60239 0.448361
79.2 -1.55653 0.46922
79.3 -1.50845 0.492807
79.4 -1.45786 0.51972
79.5 -1.40437 0.55072
79.6 -1.34754 0.58679
79.7 -1.2868 0.629223
79.8 -1.22143 0.679739
79.9 -1.15051 0.740665
80 -1.07285 0.815187
80.1 -0.986875 0.907722
80.2 -0.890501 1.02445
80.3 -0.780895 1.17404
80.4 -0.654203 1.36854
80.5 -0.50516 1.62409
80.6 -0.326703 1.96018
80.7 -0.109857 2.39367
80.8 0.155158 2.91845
80.9 0.474488 3.45731
81 0.840203 3.79926
81.1 1.21737 3.64355
81.2 1.54829 2.89458
81.3 1.78703 1.87391
81.4 1.92824 0.995053
81.5 1.9961 0.411794
81.6 2.01867 0.0741626
81.7 2.01586 -0.110423
81.8 1.99928 -0.210723
81.9 1.97512 -0.267002
82 1.94659 -0.300795
82.1 1.91532 -0.323254
82.2 1.88212 -0.340141
82.3 1.84737 -0.354477
82.4 1.81125 -0.367899
82.5 1.77379 -0.381348
82.6 1.73496 -0.395418
82.7 1.69467 -0.410538
82.8 1.65281 -0.427074
82.9 1.6092 -0.445387
83 1.56366 -0.465876
83.1 1.51594 -0.489011
83.2 1.46575 -0.515372
83.3 1.41273 -0.545692
83.4 1.35645 -0.580915
83.5 1.29635 -0.622278
83.6 1.23173 -0.671429
83.7 1.16173 -0.730586
83.8 1.08518 -0.802785
83.9 1.0006 -0.892225
84 0.905972 -1.00478
84.1 0.798604 -1.14867
84.2 0.674818 -1.33539
84.3 0.529591 -1.58042
84.4 0.356156 -1.90294
84.5 0.145804 -2.32101
84.6 -0.111293 -2.83432
84.7 -0.422341 -3.38085
84.8 -0.782466 -3.77215
84.9 -1.16133 -3.70816
85 -1.50306 -3.03806
85.1 -1.75727 -2.02836
85.2 -1.9122 -1.11051
85.3 -1.9893 -0.482544
85.4 -2.01726 -0.113623
85.5 -2.01739 0.0890599
85.6 -2.00241 0.199006
85.7 -1.97914 0.260256
85.8 -1.95115 0.296571
85.9 -1.92023 0.320291
86 -1.88729 0.337785
86.1 -1.85276 0.35238
86.2 -1.81685 0.365869
86.3 -1.77959 0.37927
86.4 -1.74097 0.393214
86.5 -1.70092 0.40815
86.6 -1.6593 0.424447
86.7 -1.61597 0.442465
86.8 -1.57074 0.462593
86.9 -1.52337 0.485291
87 -1.47358 0.511117
87.1 -1.42102 0.540778
87.2 -1.36526 0.575181
87.3 -1.30578 0.615514
87.4 -1.24191 0.66335
87.5 -1.17279 0.720809
87.6 -1.09733 0.790781
87.7 -1.01409 0.877261
87.8 -0.921149 0.985824
87.9 -0.815934 1.12429
88 -0.694938 1.30358
88.1 -0.553371 1.53855
88.2 -0.384753 1.84795
88.3 -0.18066 2.25068
88.4 0.0687031 2.75123
88.5 0.371385 3.30106
88.6 0.725223 3.73422
88.7 1.10441 3.75769
88.8 1.4557 3.17328
88.9 1.72513 2.18555
89 1.89433 1.23316
89.1 1.98138 0.5594
89.2 2.01521 0.156896
89.3 2.01858 -0.0655993
89.4 2.00535 -0.186195
89.5 1.98306 -0.25295
89.6 1.95564 -0.292065
89.7 1.92509 -0.317189
89.8 1.89242 -0.335364
89.9 1.85812 -0.350259
90 1.82241 -0.363837
90.1 1.78536 -0.377204
90.2 1.74695 -0.391034
90.3 1.70712 -0.405793
90.4 1.66575 -0.42186
90.5 1.6227 -0.439591
90.6 1.57777 -0.45937
90.7 1.53074 -0.481643
90.8 1.48134 -0.50695
90.9 1.42923 -0.535973
91 1.37399 -0.569585
91.1 1.31512 -0.608923
91.2 1.25197 -0.655493
91.3 1.18371 -0.71132
91.4 1.1093 -0.779158
91.5 1.02736 -0.862807
91.6 0.936043 -0.967561
91.7 0.832899 -1.10085
91.8 0.714582 -1.27306
91.9 0.576525 -1.49841
92 0.412528 -1.79515
92.1 0.214461 -2.18271
92.2 -0.0273708 -2.66951
92.3 -0.321666 -3.21887
92.4 -0.668632 -3.68663
92.5 -1.04684 -3.79215
92.6 -1.40636 -3.29859
92.7 -1.69058 -2.34409
92.8 -1.87455 -1.36282
92.9 -1.97223 -0.642691
93 -2.01248 -0.20431
93.1 -2.0194 0.0398303
93.2 -2.00809 0.172172
93.3 -1.98686 0.245025
93.4 -1.96006 0.287246
93.5 -1.9299 0.313932
93.6 -1.89752 0.33287
93.7 -1.86345 0.348108
93.8 -1.82794 0.361801
93.9 -1.7911 0.375149
94 -1.7529 0.388875
94.1 -1.71329 0.403467
94.2 -1.67217 0.419311
94.3 -1.62938 0.436765
94.4 -1.58475 0.456205
94.5 -1.53806 0.478065
94.6 -1.48904 0.502869
94.7 -1.43736 0.531275
94.8 -1.38264 0.564121
94.9 -1.32436 0.602499
95 -1.2619 0.647851
95.1 -1.19449 0.702109
95.2 -1.1211 0.7679
95.3 -1.04041 0.848839
95.4 -0.950663 0.949956
95.5 -0.849514 1.0783
95.6 -0.733771 1.24376
95.7 -0.599079 1.45992
95.8 -0.439514 1.74448
95.9 -0.247244 2.11713
96 -0.0127272 2.58944
96.1 0.273213 3.1351
96.2 0.61283 3.63062
96.3 0.988866 3.81183
96.4 1.3552 3.41248
96.5 1.65362 2.50242
96.6 1.85272 1.49913
96.7 1.96176 0.73271
96.8 2.00898 0.256208
96.9 2.0198 -0.0115245
97 2.0106 -0.156811
97.1 1.99053 -0.236412
97.2 1.9644 -0.282078
97.3 1.93466 -0.310501
97.4 1.90257 -0.330294
97.5 1.86874 -0.345924
97.6 1.83345 -0.359758
97.7 1.7968 -0.373103
97.8 1.75882 -0.386736
97.9 1.71943 -0.40117
98 1.67854 -0.4168
98.1 1.63602 -0.433984
98.2 1.59168 -0.453095
98.3 1.54532 -0.474555
98.4 1.49668 -0.498872
98.5 1.44543 -0.52668
98.6 1.3912 -0.558785
98.7 1.3335 -0.596236
98.8 1.27173 -0.640414
98.9 1.20513 -0.693164
99 1.13273 -0.756992
99.1 1.05325 -0.835337
99.2 0.965019 -0.932979
99.3 0.865791 -1.05662
99.4 0.752522 -1.21564
99.5 0.621059 -1.42302
99.6 0.465744 -1.69587
99.7 0.279045 -2.05393
99.8 0.0516182 -2.51127
99.9 -0.226045 -3.05047
100 -0.557937 -3.5674
